
time,npos,epos,alt,phi,theta,psi,vel,alpha,beta,p,q,r,nx,ny,nz,mach,qbar,ps,

 0.00000, 0.00000, 0.00000,400.00000, 0.00000,-0.85746, 0.00000,3000.00000,-0.85746, 0.00000, 0.00000, 0.00000, 0.00000,-1.76805,-0.00000, 6.42649, 2.69022,10572.52343,2085.32941,29830.62039, 0.00000,-0.00000,-0.00000,
 0.10000,299.70955,-0.00000,399.94286, 0.00000,-2.73609, 0.00000,2993.80425,-2.48561,-0.00000, 0.00000,-33.45003, 0.00000,-1.78894, 0.00000,-15.36961, 2.68467,10528.91629,2085.33373,28832.04683, 0.00000,-0.00000,-0.00000,
 0.20000,598.50551, 0.00000,394.53177, 0.00000,-7.08155, 0.00000,2981.75451,-4.96793,-0.00000, 0.00000,-52.52394,-0.00000,-1.72775, 0.00000,-43.39000, 2.67381,10445.98092,2085.74265,27896.40387, 0.00000,-0.00000,-0.00000,
 0.30000,894.79354,-0.00000,374.66950, 0.00000,-12.84317,-0.00000,2955.58602,-6.96862,-0.00000, 0.00000,-59.47127,-0.00000,-1.79368, 0.00000,-73.25227, 2.65016,10269.38416,2087.24420,27049.79911, 0.00000,-0.00000,-0.00000,
 0.40000,1185.31801,-0.00000,332.24614, 0.00000,-18.59318,-0.00000,2917.26877,-7.73996,-0.00000, 0.00000,-54.87141,-0.00000,-1.78475, 0.00000,-82.34306, 2.61541,10017.22982,2090.45424,26283.75944, 0.00000,-0.00000,-0.00000,
 0.50000,1466.95962,-0.00000,264.86670, 0.00000,-23.82651,-0.00000,2876.72561,-7.76946,-0.00000, 0.00000,-50.18491, 0.00000,-1.74278, 0.00000,-80.33167, 2.57845,9759.89359,2095.56081,25590.61809, 0.00000,-0.00000,-0.00000,
 0.60000,1737.70273,-0.00000,173.79815, 0.00000,-28.71326,-0.00000,2838.59330,-7.61119,-0.00000, 0.00000,-47.90081,-0.00000,-1.69708, 0.00000,-76.08477, 2.54346,9528.12437,2102.47869,24963.43785, 0.00000,-0.00000,-0.00000,
 0.70000,1996.21854,-0.00000,61.17628, 0.00000,-33.45611,-0.00000,2803.12248,-7.49278,-0.00000, 0.00000,-47.10718,-0.00000,-1.65736, 0.00000,-72.80454, 2.51068,9322.01748,2111.05926,24395.94171, 0.00000,-0.00000,-0.00000,
 0.80000,2241.37664,-0.00001,-71.03929, 0.00000,-38.15090,-0.00000,2769.46863,-7.44188,-0.00000, 0.00000,-46.81885,-0.00000,-1.62321, 0.00000,-70.68231, 2.47938,9134.60522,2121.16864,23882.44996, 0.00000,-0.00000,-0.00000,
 0.90000,2472.08037,-0.00001,-221.14590, 0.00000,-42.82058,-0.00000,2736.99815,-7.42832,-0.00000, 0.00000,-46.56344,-0.00000,-1.59221, 0.00000,-69.18288, 2.44902,8960.68607,2132.69321,23417.82342, 0.00000,-0.00000,-0.00000,
 1.00000,2687.28867,-0.00001,-387.55258, 0.00000,-47.46073,-0.00000,2705.43324,-7.42498,-0.00000, 0.00000,-46.22646,-0.00000,-1.56277, 0.00000,-67.89726, 2.41937,8797.61097,2145.52812,22997.41194, 0.00000,-0.00000,-0.00000,
 1.10000,2886.07362,-0.00002,-568.67783, 0.00000,-52.06404,-0.00000,2674.69639,-7.41968,-0.00000, 0.00000,-45.83487,-0.00000,-1.53427, 0.00000,-66.65669, 2.39036,8644.14038,2159.56892,22617.00789, 0.00000,-0.00000,-0.00000,
 1.20000,3067.65334,-0.00002,-762.91880, 0.00000,-56.62742,-0.00000,2644.77225,-7.41019,-0.00000, 0.00000,-45.43398,-0.00000,-1.50658, 0.00000,-65.43235, 2.36201,8499.49479,2174.70858,22272.80408, 0.00000,-0.00000,-0.00000,
 1.30000,3231.39748,-0.00003,-968.65711, 0.00001,-61.15139,-0.00000,2615.64438,-7.39790,-0.00000, 0.00000,-45.04913,-0.00000,-1.47967, 0.00000,-64.23997, 2.33432,8362.93472,2190.83749,21961.35560, 0.00000,-0.00000,-0.00000,
 1.40000,3376.81948,-0.00004,-1184.27374, 0.00001,-65.63801,-0.00000,2587.28197,-7.38442,-0.00000, 0.00000,-44.68684,-0.00000,-1.45351, 0.00000,-63.09486, 2.30727,8233.67495,2207.84407,21679.54535, 0.00000,-0.00000,-0.00000,
 1.50000,3503.56643,-0.00005,-1408.16171, 0.00001,-70.08944,-0.00001,2559.64496,-7.37066,-0.00000, 0.00000,-44.34487,-0.00000,-1.42803, 0.00000,-62.00186, 2.28085,8110.91772,2225.61541,21424.55290, 0.00000,-0.00000,-0.00000,
 1.60000,3611.41075,-0.00005,-1638.73532, 0.00001,-74.50751,-0.00001,2532.69084,-7.35696,-0.00000, 0.00000,-44.01900,-0.00000,-1.40313, 0.00000,-60.95839, 2.25502,7993.89463,2244.03767,21193.82618, 0.00000,-0.00000,-0.00000,
 1.70000,3700.24381,-0.00006,-1874.43733, 0.00002,-78.89366,-0.00001,2506.37849,-7.34336,-0.00000, 0.00000,-43.70581,-0.00000,-1.37870, 0.00000,-59.95913, 2.22977,7881.88791,2262.99643,20985.05602, 0.00000,-0.00000,-0.00000,
 1.80000,3770.07049,-0.00007,-2113.74529, 0.00003,-83.24902,-0.00002,2480.66925,-7.32988,-0.00000, 0.00000,-43.40297,-0.00000,-1.35465, 0.00000,-58.99865, 2.20507,7774.23485,2282.37701,20796.15296, 0.00000,-0.00000,-0.00000,
 1.90000,3821.00389,-0.00009,-2355.17749, 0.00007,-87.57454,-0.00007,2455.52685,-7.31654,-0.00000, 0.00000,-43.10882,-0.00000,-1.33087, 0.00000,-58.07224, 2.18089,7670.32494,2302.06488,20625.22641, 0.00000,-0.00000,-0.00000,
 2.00000,3853.25979,-0.00010,-2597.29864,-0.00010,-91.87105, 0.00010,2430.91709,-7.30340,-0.00000, 0.00000,-42.82199,-0.00000,-1.30729, 0.00000,-57.17592, 2.15723,7569.59566,2321.94606,20470.56567, 0.00000,-0.00000,-0.00000,
 2.10000,3867.15099,-0.00011,-2838.72527,-0.00003,-96.13916, 0.00003,2406.80759,-7.29053,-0.00000, 0.00000,-42.54120,-0.00000,-1.28383, 0.00000,-56.30624, 2.13406,7471.52928,2341.90769,20330.62284, 0.00000,-0.00000,-0.00000,
 2.20000,3863.08137,-0.00013,-3078.13068,-0.00002,-100.37945, 0.00002,2383.16768,-7.27800,-0.00000, 0.00000,-42.26521,-0.00000,-1.26040, 0.00000,-55.46004, 2.11136,7375.65069,2361.83846,20203.99734, 0.00000,-0.00000,-0.00000,
 2.30000,3841.53963,-0.00014,-3314.24958,-0.00001,-104.59232, 0.00002,2359.96834,-7.26587,-0.00000, 0.00000,-41.99283,-0.00000,-1.23694, 0.00000,-54.63444, 2.08911,7281.52597,2381.62922,20089.42184, 0.00000,-0.00000,-0.00000,
 2.40000,3803.09311,-0.00016,-3545.88225,-0.00001,-108.77810, 0.00001,2337.18225,-7.25420,-0.00000, 0.00000,-41.72295,-0.00000,-1.21338, 0.00000,-53.82675, 2.06729,7188.76123,2401.17353,19985.74965, 0.00000,-0.00000,-0.00000,
 2.50000,3748.38132,-0.00017,-3771.89831,-0.00001,-112.93696, 0.00001,2314.78373,-7.24304,-0.00000, 0.00000,-41.45453,-0.00000,-1.18968, 0.00000,-53.03455, 2.04589,7097.00157,2420.36825,19891.94317, 0.00000,-0.00000,-0.00000,
 2.60000,3678.10941,-0.00019,-3991.24000,-0.00001,-117.06902, 0.00001,2292.74878,-7.23243,-0.00000, 0.00000,-41.18664,-0.00000,-1.16577, 0.00000,-52.25561, 2.02490,7005.92999,2439.11412,19807.06355, 0.00000,-0.00000,-0.00000,
 2.70000,3593.04149,-0.00021,-4202.92509,-0.00001,-121.17428, 0.00001,2271.05502,-7.22241,-0.00000, 0.00000,-40.91841,-0.00000,-1.14162, 0.00000,-51.48794, 2.00429,6915.26634,2457.31634,19730.26130, 0.00000,-0.00000,-0.00000,
 2.80000,3493.99391,-0.00022,-4406.04916,-0.00001,-125.25267, 0.00001,2249.68169,-7.21301,-0.00000, 0.00000,-40.64910,-0.00000,-1.11719, 0.00000,-50.72975, 1.98405,6824.76624,2474.88513,19660.76775, 0.00000,-0.00000,-0.00000,
 2.90000,3381.82839,-0.00024,-4599.78754,-0.00000,-129.30404, 0.00001,2228.60957,-7.20426,-0.00000, 0.00000,-40.37802,-0.00000,-1.09245, 0.00000,-49.97947, 1.96417,6734.21986,2491.73626,19597.88738, 0.00000,-0.00000,-0.00000,
 3.00000,3257.44522,-0.00026,-4783.39663,-0.00000,-133.32819, 0.00001,2207.82102,-7.19619,-0.00000, 0.00000,-40.10460,-0.00000,-1.06737, 0.00000,-49.23575, 1.94463,6643.45073,2507.79152,19540.99088, 0.00000,-0.00000,-0.00000,
 3.10000,3121.77639,-0.00028,-4956.21470,-0.00000,-137.32487, 0.00001,2187.29989,-7.18881,-0.00000, 0.00000,-39.82833,-0.00000,-1.04195, 0.00000,-48.49739, 1.92543,6552.31443,2522.97921,19489.50879, 0.00000,-0.00000,-0.00000,
 3.20000,2975.77883,-0.00030,-5117.66224,-0.00000,-141.29375, 0.00001,2167.03148,-7.18213,-0.00000, 0.00000,-39.54881,-0.00000,-1.01616, 0.00000,-47.76342, 1.90654,6460.69713,2537.23448,19442.92587, 0.00000,-0.00000,-0.00000,
 3.30000,2820.42771,-0.00032,-5267.24172,-0.00000,-145.23451, 0.00001,2147.00250,-7.17616,-0.00000, 0.00000,-39.26569,-0.00000,-0.99001, 0.00000,-47.03299, 1.88796,6368.51410,2550.49967,19400.77590, 0.00000,-0.00000,-0.00000,
 3.40000,2656.70992,-0.00034,-5404.53682,-0.00000,-149.14676, 0.00001,2127.20106,-7.17092,-0.00000, 0.00000,-38.97872,-0.00000,-0.96350, 0.00000,-46.30547, 1.86968,6275.70806,2562.72455,19362.63703, 0.00000,-0.00000,-0.00000,
 3.50000,2485.61772,-0.00036,-5529.21125,-0.00000,-153.03012, 0.00001,2107.61653,-7.16639,-0.00000, 0.00000,-38.68773,-0.00000,-0.93663, 0.00000,-45.58035, 1.85168,6182.24745,2573.86652,19328.12755, 0.00000,-0.00000,-0.00000,
 3.60000,2308.14265,-0.00038,-5641.00696,-0.00000,-156.88417, 0.00001,2088.23960,-7.16257,-0.00000, 0.00000,-38.39260,-0.00000,-0.90943, 0.00000,-44.85726, 1.83397,6088.12458,2583.89069,19296.90209, 0.00000,-0.00000,-0.00000,
 3.70000,2125.26964,-0.00039,-5739.74203,-0.00000,-160.70850, 0.00001,2069.06209,-7.15947,-0.00000, 0.00000,-38.09330,-0.00000,-0.88190, 0.00000,-44.13599, 1.81652,5993.35376,2592.76990,19268.64812, 0.00000,-0.00000,-0.00000,
 3.80000,1937.97158,-0.00041,-5825.30802,-0.00000,-164.50269, 0.00001,2050.07701,-7.15707,-0.00000, 0.00000,-37.78986,-0.00000,-0.85407, 0.00000,-43.41642, 1.79933,5897.96926,2600.48469,19243.08287, 0.00000,-0.00000,-0.00000,
 3.90000,1747.20412,-0.00043,-5897.66698,-0.00000,-168.26633, 0.00001,2031.27842,-7.15535,-0.00000, 0.00000,-37.48236,-0.00000,-0.82598, 0.00000,-42.69857, 1.78239,5802.02330,2607.02312,19219.95048, 0.00000,-0.00000,-0.00000,
 4.00000,1553.90089,-0.00045,-5956.84818,-0.00000,-171.99903, 0.00001,2012.66139,-7.15429,-0.00000, 0.00000,-37.17094,-0.00000,-0.79765, 0.00000,-41.98254, 1.76571,5705.58402,2612.38064,19199.01942, 0.00000,-0.00000,-0.00000,
 4.10000,1358.96917,-0.00047,-6002.94439,-0.00000,-175.70040, 0.00001,1994.22193,-7.15389,-0.00000, 0.00000,-36.85579,-0.00000,-0.76911, 0.00000,-41.26852, 1.74926,5608.73335,2616.55974,19180.08022, 0.00000,-0.00000,-0.00000,
 4.20000,1163.28592,-0.00049,-6036.10806,-0.00000,-179.37007, 0.00001,1975.95694,-7.15412,-0.00000, 0.00000,-36.53715,-0.00000,-0.74040, 0.00000,-40.55680, 1.73304,5511.56501,2619.56971,19162.94332, 0.00000,-0.00000,-0.00000,
 4.30000,967.69435,-0.00051,-6056.54716,-0.00000,-183.00772, 0.00001,1957.86413,-7.15495,-0.00000, 0.00000,-36.21530,-0.00000,-0.71156, 0.00000,-39.84771, 1.71705,5414.18251,2621.42617,19147.43721, 0.00000,-0.00000,-0.00000,
 4.40000,773.00081,-0.00053,-6064.52099,-0.00000,-186.61304, 0.00001,1939.94193,-7.15636,-0.00000, 0.00000,-35.89055,-0.00000,-0.68262, 0.00000,-39.14164, 1.70129,5316.69712,2622.15071,19133.40671, 0.00000,-0.00000,-0.00000,
 4.50000,579.97227,-0.00055,-6060.33575,-0.00000,-190.18575, 0.00001,1922.18946,-7.15832,-0.00000, 0.00000,-35.56324,-0.00000,-0.65364, 0.00000,-38.43904, 1.68575,5219.22606,2621.77040,19120.71138, 0.00000,-0.00000,-0.00000,
 4.60000,389.33415,-0.00056,-6044.34015,-0.00000,-193.72561, 0.00001,1904.60647,-7.16080,-0.00000, 0.00000,-35.23374,-0.00000,-0.62465, 0.00000,-37.74040, 1.67042,5121.89069,2620.31729,19109.22417, 0.00000,-0.00000,-0.00000,
 4.70000,201.76867,-0.00058,-6016.92093,-0.00000,-197.23243, 0.00001,1887.19324,-7.16377,-0.00000, 0.00000,-34.90242,-0.00000,-0.59570, 0.00000,-37.04620, 1.65530,5024.81483,2617.82793,19098.83012, 0.00000,-0.00000,-0.00000,
 4.80000,17.91352,-0.00060,-5978.49847,-0.00000,-200.70605, 0.00001,1869.95055,-7.16719,-0.00000, 0.00000,-34.56970,-0.00000,-0.56682, 0.00000,-36.35698, 1.64039,4928.12321,2614.34279,19089.42519, 0.00000,-0.00000,-0.00000,
 4.90000,-161.63894,-0.00061,-5929.52240, 0.00000,-204.14634, 0.00001,1852.87960,-7.17105,-0.00000, 0.00000,-34.23599,-0.00000,-0.53806, 0.00000,-35.67328, 1.62568,4831.94004,2609.90580,19080.91526, 0.00000,-0.00000,-0.00000,
 5.00000,-336.34216,-0.00063,-5870.46734, 0.00000,-207.55323, 0.00001,1835.98198,-7.17529,-0.00000, 0.00000,-33.90170,-0.00000,-0.50946, 0.00000,-34.99564, 1.61117,4736.38772,2604.56378,19073.21515, 0.00000,-0.00000,-0.00000,
 5.10000,-505.69554,-0.00065,-5801.82878, 0.00000,-210.92668, 0.00001,1819.25958,-7.17990,-0.00000, 0.00000,-33.56726,-0.00000,-0.48105, 0.00000,-34.32459, 1.59687,4641.58572,2598.36592,19066.24781, 0.00000,-0.00000,-0.00000,
 5.20000,-669.24417,-0.00066,-5724.11913, 0.00000,-214.26669, 0.00001,1802.71458,-7.18482,-0.00000, 0.00000,-33.23308,-0.00000,-0.45288, 0.00000,-33.66065, 1.58276,4547.64952,2591.36331,19059.94350, 0.00000,-0.00000,-0.00000,
 5.30000,-826.57831,-0.00067,-5637.86387, 0.00000,-217.57332, 0.00001,1786.34937,-7.19004,-0.00000, 0.00000,-32.89959,-0.00000,-0.42498, 0.00000,-33.00436, 1.56885,4454.68982,2583.60844,19054.23912, 0.00000,-0.00000,-0.00000,
 5.40000,-977.33258,-0.00069,-5543.59804, 0.00000,-220.84664, 0.00001,1770.16653,-7.19551,-0.00000, 0.00000,-32.56718,-0.00000,-0.39738, 0.00000,-32.35619, 1.55513,4362.81173,2575.15476,19049.07759, 0.00000,-0.00000,-0.00000,
 5.50000,-1121.18494,-0.00070,-5441.86283, 0.00000,-224.08680, 0.00001,1754.16875,-7.20120,-0.00000, 0.00000,-32.23627,-0.00000,-0.37012, 0.00000,-31.71662, 1.54161,4272.11428,2566.05624,19044.40724, 0.00000,-0.00000,-0.00000,
 5.60000,-1257.85540,-0.00072,-5333.20246, 0.00000,-227.29396, 0.00001,1738.35886,-7.20707,-0.00000, 0.00000,-31.90724,-0.00000,-0.34322, 0.00000,-31.08610, 1.52828,4182.68986,2556.36700,19040.18133, 0.00000,-0.00000,-0.00000,
 5.70000,-1387.10457,-0.00073,-5218.16127, 0.00000,-230.46833, 0.00001,1722.73970,-7.21310,-0.00000, 0.00000,-31.58047,-0.00000,-0.31671, 0.00000,-30.46506, 1.51514,4094.62396,2546.14091,19036.35757, 0.00000,-0.00000,-0.00000,
 5.80000,-1508.73211,-0.00074,-5097.28110, 0.00000,-233.61014, 0.00001,1707.31419,-7.21924,-0.00000, 0.00000,-31.25630,-0.00000,-0.29062, 0.00000,-29.85388, 1.50219,4007.99488,2535.43133,19032.89769, 0.00000,-0.00000,-0.00000,
 5.90000,-1622.57498,-0.00075,-4971.09881, 0.00000,-236.71968, 0.00001,1692.08521,-7.22547,-0.00000, 0.00000,-30.93509,-0.00000,-0.26498, 0.00000,-29.25291, 1.48943,3922.87361,2524.29072,19029.76706, 0.00000,-0.00000,-0.00000,
 6.00000,-1728.50561,-0.00076,-4840.14416, 0.00000,-239.79727, 0.00001,1677.05565,-7.23176,-0.00000, 0.00000,-30.61715,-0.00000,-0.23979, 0.00000,-28.66249, 1.47685,3839.32382,2512.77050,19026.93435, 0.00000,-0.00000,-0.00000,
 6.10000,-1826.43006,-0.00077,-4704.93787, 0.00000,-242.84323, 0.00001,1662.22832,-7.23807,-0.00000, 0.00000,-30.30278,-0.00000,-0.21508, 0.00000,-28.08291, 1.46447,3757.40187,2500.92072,19024.37121, 0.00000,-0.00000,-0.00000,
 6.20000,-1916.28606,-0.00078,-4565.98987, 0.00000,-245.85795, 0.00001,1647.60598,-7.24438,-0.00000, 0.00000,-29.99228,-0.00000,-0.19087, 0.00000,-27.51442, 1.45227,3677.15693,2488.78994,19022.05198, 0.00000,-0.00000,-0.00000,
 6.30000,-1998.04105,-0.00079,-4423.79785, 0.00000,-248.84183, 0.00001,1633.19130,-7.25066,-0.00000, 0.00000,-29.68589,-0.00000,-0.16716, 0.00000,-26.95727, 1.44027,3598.63115,2476.42506,19019.95346, 0.00000,-0.00000,-0.00000,
 6.40000,-2071.69024,-0.00080,-4278.84596, 0.00001,-251.79528, 0.00001,1618.98684,-7.25688,-0.00000, 0.00000,-29.38388,-0.00000,-0.14398, 0.00000,-26.41163, 1.42844,3521.85991,2463.87116,19018.05463, 0.00000,-0.00000,-0.00000,
 6.50000,-2137.25460,-0.00081,-4131.60373, 0.00001,-254.71875, 0.00001,1604.99504,-7.26301,-0.00000, 0.00000,-29.08646,-0.00000,-0.12132, 0.00000,-25.87767, 1.41681,3446.87203,2451.17144,19016.33651, 0.00000,-0.00000,-0.00000,
 6.60000,-2194.77900,-0.00082,-3982.52519, 0.00001,-257.61273, 0.00001,1591.21823,-7.26903,-0.00000, 0.00000,-28.79382,-0.00000,-0.09920, 0.00000,-25.35554, 1.40537,3373.69015,2438.36710,19014.78188, 0.00000,-0.00000,-0.00000,
 6.70000,-2244.33025,-0.00083,-3832.04815, 0.00001,-260.47769, 0.00001,1577.65859,-7.27493,-0.00000, 0.00000,-28.50617,-0.00000,-0.07763, 0.00000,-24.84532, 1.39411,3302.33099,2425.49733,19013.37520, 0.00000,-0.00000,-0.00000,
 6.80000,-2285.99531,-0.00084,-3680.59364, 0.00002,-263.31413, 0.00002,1564.31813,-7.28067,-0.00000, 0.00000,-28.22365,-0.00000,-0.05660, 0.00000,-24.34709, 1.38304,3232.80572,2412.59926,19012.10238, 0.00000,-0.00000,-0.00000,
 6.90000,-2319.87947,-0.00084,-3528.56547, 0.00003,-266.12259, 0.00003,1551.19875,-7.28624,-0.00000, 0.00000,-27.94642,-0.00000,-0.03612, 0.00000,-23.86091, 1.37215,3165.12033,2399.70795,19010.95069, 0.00000,-0.00000,-0.00000,
 7.00000,-2346.10466,-0.00085,-3376.35004, 0.00010,-268.90360, 0.00010,1538.30216,-7.29162,-0.00000, 0.00000,-27.67459,-0.00000,-0.01619, 0.00000,-23.38680, 1.36146,3099.27599,2386.85641,19009.90859, 0.00000,-0.00000,-0.00000,
 7.10000,-2364.80777,-0.00086,-3224.31611,-0.00007,-271.65769,-0.00006,1525.62993,-7.29679,-0.00000, 0.00000,-27.40829,-0.00000, 0.00319, 0.00000,-22.92475, 1.35095,3035.26941,2374.07559,19008.96567, 0.00000,-0.00000,-0.00000,
 7.20000,-2376.13912,-0.00086,-3072.81479,-0.00003,-274.38544,-0.00002,1513.18343,-7.30174,-0.00000, 0.00000,-27.14759,-0.00000, 0.02203, 0.00000,-22.47475, 1.34062,2973.09322,2361.39443,19008.11247, 0.00000,-0.00000,-0.00000,
 7.30000,-2380.26096,-0.00087,-2922.17962,-0.00002,-277.08740,-0.00001,1500.96392,-7.30646,-0.00000, 0.00000,-26.89259,-0.00000, 0.04031, 0.00000,-22.03674, 1.33049,2912.73631,2348.83992,19007.34047, 0.00000,-0.00000,-0.00000,
 7.40000,-2377.34603,-0.00087,-2772.72668,-0.00001,-279.76415,-0.00001,1488.97244,-7.31093,-0.00000, 0.00000,-26.64333,-0.00000, 0.05806, 0.00000,-21.61068, 1.32054,2854.18421,2336.43712,19006.64193, 0.00000,-0.00000,-0.00000,
 7.50000,-2367.57629,-0.00088,-2624.75484,-0.00001,-282.41626,-0.00001,1477.20989,-7.31514,-0.00000, 0.00000,-26.39986,-0.00000, 0.07527, 0.00000,-21.19647, 1.31077,2797.41942,2324.20926,19006.00987, 0.00000,-0.00000,-0.00000,
 7.60000,-2351.14167,-0.00088,-2478.54604,-0.00001,-285.04432,-0.00000,1465.67700,-7.31909,-0.00000, 0.00000,-26.16222,-0.00000, 0.09195, 0.00000,-20.79402, 1.30120,2742.42171,2312.17778,19005.43795, 0.00000,-0.00000,-0.00000,
 7.70000,-2328.23889,-0.00088,-2334.36563,-0.00001,-287.64890,-0.00000,1454.37435,-7.32276,-0.00000, 0.00000,-25.93042,-0.00000, 0.10810, 0.00000,-20.40324, 1.29181,2689.16848,2300.36238,19004.92046, 0.00000,-0.00000,-0.00000,
 7.80000,-2299.07039,-0.00089,-2192.46275,-0.00001,-290.23060,-0.00000,1443.30234,-7.32616,-0.00000, 0.00000,-25.70448,-0.00000, 0.12374, 0.00000,-20.02398, 1.28260,2637.63500,2288.78116,19004.45222, 0.00000,-0.00000,-0.00000,
 7.90000,-2263.84338,-0.00089,-2053.07081,-0.00000,-292.78999,-0.00000,1432.46120,-7.32928,-0.00000, 0.00000,-25.48438,-0.00000, 0.13887, 0.00000,-19.65612, 1.27358,2587.79474,2277.45063,19004.02853, 0.00000,-0.00000,-0.00000,
 8.00000,-2222.76887,-0.00089,-1916.40787,-0.00000,-295.32767,-0.00000,1421.85104,-7.33211,-0.00000, 0.00000,-25.27011,-0.00000, 0.15350, 0.00000,-19.29952, 1.26475,2539.61959,2266.38584,19003.64517, 0.00000,-0.00000,-0.00000,
 8.10000,-2176.06086,-0.00090,-1782.67719,-0.00000,-297.84421,-0.00000,1411.47179,-7.33465,-0.00000, 0.00000,-25.06165,-0.00000, 0.16763, 0.00000,-18.95402, 1.25610,2493.08015,2255.60041,19003.29828, 0.00000,-0.00000,-0.00000,
 8.20000,-2123.93558,-0.00090,-1652.06773,-0.00000,-300.34019,-0.00000,1401.32323,-7.33691,-0.00000, 0.00000,-24.85896,-0.00000, 0.18128, 0.00000,-18.61946, 1.24763,2448.14589,2245.10664,19002.98441, 0.00000,-0.00000,-0.00000,
 8.30000,-2066.61074,-0.00090,-1524.75463,-0.00000,-302.81619,-0.00000,1391.40500,-7.33888,-0.00000, 0.00000,-24.66201,-0.00000, 0.19446, 0.00000,-18.29568, 1.23935,2404.78542,2234.91561,19002.70041, 0.00000,-0.00000,-0.00000,
 8.40000,-2004.30497,-0.00090,-1400.89976,-0.00000,-305.27278,-0.00000,1381.71659,-7.34057,-0.00000, 0.00000,-24.47073,-0.00000, 0.20717, 0.00000,-17.98249, 1.23125,2362.96665,2225.03718,19002.44343, 0.00000,-0.00000,-0.00000,
 8.50000,-1937.23719,-0.00091,-1280.65226,-0.00000,-307.71052,-0.00000,1372.25736,-7.34199,-0.00000, 0.00000,-24.28508,-0.00000, 0.21942, 0.00000,-17.67973, 1.22333,2322.65697,2215.48015,19002.21091, 0.00000,-0.00000,-0.00000,
 8.60000,-1865.62610,-0.00091,-1164.14903,-0.00000,-310.12998,-0.00000,1363.02653,-7.34313,-0.00000, 0.00000,-24.10499,-0.00000, 0.23123, 0.00000,-17.38722, 1.21560,2283.82341,2206.25227,19002.00051, 0.00000,-0.00000,-0.00000,
 8.70000,-1789.68977,-0.00091,-1051.51530,-0.00000,-312.53170,-0.00000,1354.02317,-7.34400,-0.00000, 0.00000,-23.93040,-0.00000, 0.24261, 0.00000,-17.10475, 1.20804,2246.43278,2197.36033,19001.81014, 0.00000,-0.00000,-0.00000,
 8.80000,-1709.64516,-0.00091,-942.86511,-0.00000,-314.91624,-0.00000,1345.24624,-7.34461,-0.00000, 0.00000,-23.76122,-0.00000, 0.25356, 0.00000,-16.83216, 1.20067,2210.45182,2188.81025,19001.63788, 0.00000,-0.00000,-0.00000,
 8.90000,-1625.70782,-0.00091,-838.30184,-0.00000,-317.28413,-0.00000,1336.69456,-7.34497,-0.00000, 0.00000,-23.59738,-0.00000, 0.26409, 0.00000,-16.56925, 1.19347,2175.84728,2180.60712,19001.48201, 0.00000,-0.00000,-0.00000,
 9.00000,-1538.09154,-0.00091,-737.91868,-0.00000,-319.63589,-0.00000,1328.36685,-7.34508,-0.00000, 0.00000,-23.43880,-0.00000, 0.27421, 0.00000,-16.31583, 1.18645,2142.58605,2172.75523,19001.34098, 0.00000,-0.00000,-0.00000,
 9.10000,-1447.00806,-0.00091,-641.79915,-0.00000,-321.97206,-0.00000,1320.26168,-7.34496,-0.00000, 0.00000,-23.28540,-0.00000, 0.28394, 0.00000,-16.07171, 1.17961,2110.63524,2165.25819,19001.21337, 0.00000,-0.00000,-0.00000,
 9.20000,-1352.66691,-0.00092,-550.01753,-0.00000,-324.29314,-0.00000,1312.37752,-7.34461,-0.00000, 0.00000,-23.13707,-0.00000, 0.29328, 0.00000,-15.83671, 1.17294,2079.96227,2158.11896,19001.09790, 0.00000,-0.00000,-0.00000,
 9.30000,-1255.27509,-0.00092,-462.63934,-0.00000,-326.59964,-0.00000,1304.71274,-7.34405,-0.00000, 0.00000,-22.99373,-0.00000, 0.30224, 0.00000,-15.61062, 1.16645,2050.53491,2151.33988,19000.99342, 0.00000,-0.00000,-0.00000,
 9.40000,-1155.03702,-0.00092,-379.72175,-0.00000,-328.89205,-0.00000,1297.26557,-7.34328,-0.00000, 0.00000,-22.85529,-0.00000, 0.31084, 0.00000,-15.39326, 1.16013,2022.32139,2144.92274,19000.89889, 0.00000,-0.00000,-0.00000,
 9.50000,-1052.15428,-0.00092,-301.31402,-0.00000,-331.17086,-0.00000,1290.03414,-7.34231,-0.00000, 0.00000,-22.72165,-0.00000, 0.31908, 0.00000,-15.18445, 1.15398,1995.29041,2138.86882,19000.81335, 0.00000,-0.00000,-0.00000,
 9.60000,-946.82560,-0.00092,-227.45789,-0.00000,-333.43654, 0.00000,1283.01650,-7.34117,-0.00000, 0.00000,-22.59270,-0.00000, 0.32697, 0.00000,-14.98400, 1.14800,1969.41117,2133.17892,19000.73595, 0.00000,-0.00000,-0.00000,
 9.70000,-839.24670,-0.00092,-158.18794,-0.00000,-335.68955, 0.00000,1276.21058,-7.33986,-0.00000, 0.00000,-22.46836,-0.00000, 0.33451, 0.00000,-14.79171, 1.14219,1944.65345,2127.85343,19000.66591, 0.00000,-0.00000,-0.00000,
 9.80000,-729.61023,-0.00092,-93.53197,-0.00000,-337.93036, 0.00000,1269.61420,-7.33838,-0.00000, 0.00000,-22.34851,-0.00000, 0.34173, 0.00000,-14.60742, 1.13654,1920.98762,2122.89233,19000.60254, 0.00000,-0.00000,-0.00000,
 9.90000,-618.10574,-0.00092,-33.51135,-0.00000,-340.15940, 0.00000,1263.22511,-7.33677,-0.00000, 0.00000,-22.23307,-0.00000, 0.34862, 0.00000,-14.43094, 1.13106,1898.38464,2118.29525,19000.54520, 0.00000,-0.00000,-0.00000,
10.00000,-504.91961,-0.00092,21.85868,-0.00000,-342.37711, 0.00000,1257.04094,-7.33502,-0.00000, 0.00000,-22.12192,-0.00000, 0.35520, 0.00000,-14.26208, 1.12574,1876.81609,2114.06147,19000.49332, 0.00000,-0.00000,-0.00000,
10.10000,-390.23508,-0.00092,72.56870,-0.00000,-344.58392, 0.00000,1251.05924,-7.33314,-0.00000, 0.00000,-22.01497,-0.00000, 0.36148, 0.00000,-14.10068, 1.12058,1856.25419,2110.19000,19000.44637, 0.00000,-0.00000,-0.00000,
10.20000,-274.23217,-0.00092,118.61480,-0.00000,-346.78024, 0.00000,1245.27747,-7.33116,-0.00000, 0.00000,-21.91211,-0.00000, 0.36745, 0.00000,-13.94657, 1.11559,1836.67180,2106.67955,19000.40390, 0.00000,-0.00000,-0.00000,
10.30000,-157.08775,-0.00092,159.99836,-0.00000,-348.96648, 0.00000,1239.69301,-7.32909,-0.00000, 0.00000,-21.81325,-0.00000, 0.37314, 0.00000,-13.79955, 1.11074,1818.04240,2103.52857,19000.36546, 0.00000,-0.00000,-0.00000,
10.40000,-38.97552,-0.00092,196.72576,-0.00000,-351.14303, 0.00000,1234.30314,-7.32692,-0.00000, 0.00000,-21.71828,-0.00000, 0.37854, 0.00000,-13.65949, 1.10606,1800.34011,2100.73530,19000.33068, 0.00000,-0.00000,-0.00000,
10.50000,79.93397,-0.00092,228.80814, 0.00000,-353.31026, 0.00000,1229.10506,-7.32468,-0.00000, 0.00000,-21.62711,-0.00000, 0.38367, 0.00000,-13.52619, 1.10152,1783.53970,2098.29774,19000.29921, 0.00000,-0.00000,-0.00000,
10.60000,199.47328,-0.00092,256.26125, 0.00000,-355.46857, 0.00000,1224.09589,-7.32238,-0.00000, 0.00000,-21.53963,-0.00000, 0.38853, 0.00000,-13.39951, 1.09714,1767.61653,2096.21372,19000.27074, 0.00000,-0.00000,-0.00000,
10.70000,319.47808,-0.00092,279.10516, 0.00000,-357.61831, 0.00000,1219.27268,-7.32003,-0.00000, 0.00000,-21.45574,-0.00000, 0.39314, 0.00000,-13.27927, 1.09291,1752.54659,2094.48086,19000.24498, 0.00000,-0.00000,-0.00000,
10.80000,439.78705,-0.00092,297.36414, 0.00000,-359.75983,-0.00000,1214.63238,-7.31763,-0.00000, 0.00000,-21.37536,-0.00000, 0.39749, 0.00000,-13.16533, 1.08882,1738.30645,2093.09663,19000.22166, 0.00000,-0.00000,-0.00000,
10.90000,560.24191,-0.00092,311.06645, 0.00000,-361.89349,-0.00000,1210.17189,-7.31521,-0.00000, 0.00000,-21.29837,-0.00000, 0.40159, 0.00000,-13.05753, 1.08487,1724.87325,2092.05833,19000.20057, 0.00000,-0.00000,-0.00000,
11.00000,680.68734,-0.00092,320.24424, 0.00000,-364.01962,-0.00000,1205.88802,-7.31276,-0.00000, 0.00000,-21.22470,-0.00000, 0.40546, 0.00000,-12.95570, 1.08107,1712.22471,2091.36311,19000.18148, 0.00000,-0.00000,-0.00000,
11.10000,800.97094,-0.00092,324.93332, 0.00000,-366.13854,-0.00000,1201.77750,-7.31029,-0.00000, 0.00000,-21.15424,-0.00000, 0.40909, 0.00000,-12.85971, 1.07740,1700.33907,2091.00798,19000.16421, 0.00000,-0.00000,-0.00000,
11.20000,920.94322,-0.00092,325.17311, 0.00000,-368.25057,-0.00000,1197.83701,-7.30782,-0.00000, 0.00000,-21.08691,-0.00000, 0.41249, 0.00000,-12.76941, 1.07387,1689.19510,2090.98982,19000.14859, 0.00000,-0.00000,-0.00000,
11.30000,1040.45750,-0.00092,321.00650, 0.00000,-370.35602,-0.00000,1194.06314,-7.30536,-0.00000, 0.00000,-21.02262,-0.00000, 0.41568, 0.00000,-12.68464, 1.07047,1678.77205,2091.30538,19000.13445, 0.00000,-0.00000,-0.00000,
11.40000,1159.36993,-0.00092,312.47970, 0.00000,-372.45519,-0.00000,1190.45243,-7.30290,-0.00000, 0.00000,-20.96127,-0.00000, 0.41866, 0.00000,-12.60526, 1.06720,1669.04965,2091.95126,19000.12165, 0.00000,-0.00000,-0.00000,
11.50000,1277.53941,-0.00092,299.64220, 0.00000,-374.54837,-0.00000,1187.00135,-7.30046,-0.00000, 0.00000,-20.90278,-0.00000, 0.42142, 0.00000,-12.53113, 1.06406,1660.00807,2092.92398,19000.11007, 0.00000,-0.00000,-0.00000,
11.60000,1394.82759,-0.00092,282.54668, 0.00000,-376.63584,-0.00000,1183.70629,-7.29804,-0.00000, 0.00000,-20.84706,-0.00000, 0.42398, 0.00000,-12.46212, 1.06104,1651.62792,2094.21990,19000.09960, 0.00000,-0.00000,-0.00000,
11.70000,1511.09881,-0.00092,261.24888, 0.00000,-378.71788,-0.00000,1180.56361,-7.29565,-0.00000, 0.00000,-20.79404,-0.00000, 0.42635, 0.00000,-12.39807, 1.05814,1643.89017,2095.83528,19000.09012, 0.00000,-0.00000,-0.00000,
11.80000,1626.22008,-0.00092,235.80758, 0.00000,-380.79474,-0.00000,1177.56957,-7.29329,-0.00000, 0.00000,-20.74363,-0.00000, 0.42853, 0.00000,-12.33886, 1.05536,1636.77620,2097.76624,19000.08155, 0.00000,-0.00000,-0.00000,
11.90000,1740.06106,-0.00092,206.28454, 0.00000,-382.86669,-0.00000,1174.72040,-7.29097,-0.00000, 0.00000,-20.69575,-0.00000, 0.43052, 0.00000,-12.28435, 1.05270,1630.26769,2100.00880,19000.07379, 0.00000,-0.00000,-0.00000,
12.00000,1852.49405,-0.00092,172.74442, 0.00000,-384.93397,-0.00000,1172.01227,-7.28869,-0.00000, 0.00000,-20.65031,-0.00000, 0.43234, 0.00000,-12.23440, 1.05015,1624.34668,2102.55884,19000.06676, 0.00000,-0.00000,-0.00000,
12.10000,1963.39396,-0.00092,135.25474, 0.00000,-386.99683,-0.00000,1169.44130,-7.28646,-0.00000, 0.00000,-20.60725,-0.00000, 0.43398, 0.00000,-12.18888, 1.04771,1618.99547,2105.41211,19000.06041, 0.00000,-0.00000,-0.00000,
12.20000,2072.63829,-0.00092,93.88585, 0.00000,-389.05550,-0.00000,1167.00353,-7.28427,-0.00000, 0.00000,-20.56649,-0.00000, 0.43545, 0.00000,-12.14767, 1.04537,1614.19662,2108.56424,19000.05466, 0.00000,-0.00000,-0.00000,
12.30000,2180.10718,-0.00092,48.71090, 0.00000,-391.11020,-0.00000,1164.69498,-7.28213,-0.00000, 0.00000,-20.52796,-0.00000, 0.43676, 0.00000,-12.11063, 1.04314,1609.93296,2112.01072,19000.04946, 0.00000,-0.00000,-0.00000,
12.40000,2285.68334,-0.00093,-0.19424, 0.00000,-393.16116,-0.00000,1162.51161,-7.28004,-0.00000, 0.00000,-20.49157,-0.00000, 0.43791, 0.00000,-12.07763, 1.04100,1606.18748,2115.74690,19000.04475, 0.00000,-0.00000,-0.00000,
12.50000,2389.25212,-0.00093,-52.75095, 0.00000,-395.20858,-0.00000,1160.44933,-7.27800,-0.00000, 0.00000,-20.45727,-0.00000, 0.43891, 0.00000,-12.04854, 1.03897,1602.94341,2119.76797,19000.04049, 0.00000,-0.00000,-0.00000,
12.60000,2490.70149,-0.00093,-108.87792, 0.00000,-397.25268,-0.00000,1158.50402,-7.27602,-0.00000, 0.00000,-20.42497,-0.00000, 0.43975, 0.00000,-12.02323, 1.03702,1600.18408,2124.06899,19000.03664, 0.00000,-0.00000,-0.00000,
12.70000,2589.92206,-0.00093,-168.49116, 0.00000,-399.29364,-0.00000,1156.67151,-7.27409,-0.00000, 0.00000,-20.39461,-0.00000, 0.44046, 0.00000,-12.00158, 1.03516,1597.89301,2128.64486,19000.03315, 0.00000,-0.00000,-0.00000,
12.80000,2686.80714,-0.00093,-231.50404, 0.00000,-401.33166,-0.00000,1154.94759,-7.27222,-0.00000, 0.00000,-20.36612,-0.00000, 0.44103, 0.00000,-11.98346, 1.03339,1596.05379,2133.49032,19000.03000, 0.00000,-0.00000,-0.00000,
12.90000,2781.25272,-0.00093,-297.82729, 0.00000,-403.36693,-0.00000,1153.32801,-7.27040,-0.00000, 0.00000,-20.33944,-0.00000, 0.44147, 0.00000,-11.96875, 1.03170,1594.65012,2138.59992,19000.02714, 0.00000,-0.00000,-0.00000,
13.00000,2873.15755,-0.00094,-367.36904, 0.00000,-405.39961,-0.00000,1151.80851,-7.26863,-0.00000, 0.00000,-20.31449,-0.00000, 0.44177, 0.00000,-11.95731, 1.03009,1593.66573,2143.96806,19000.02456, 0.00000,-0.00000,-0.00000,
13.10000,2962.42317,-0.00094,-440.03482, 0.00000,-407.42988,-0.00000,1150.38476,-7.26691,-0.00000, 0.00000,-20.29121,-0.00000, 0.44196, 0.00000,-11.94902, 1.02856,1593.08443,2149.58895,19000.02222, 0.00000,-0.00000,-0.00000,
13.20000,3048.95396,-0.00094,-515.72760, 0.00000,-409.45791,-0.00000,1149.05245,-7.26525,-0.00000, 0.00000,-20.26954,-0.00000, 0.44203, 0.00000,-11.94376, 1.02709,1592.89002,2155.45659,19000.02011, 0.00000,-0.00000,-0.00000,
13.30000,3132.65720,-0.00094,-594.34783, 0.00000,-411.48384,-0.00000,1147.80719,-7.26363,-0.00000, 0.00000,-20.24940,-0.00000, 0.44198, 0.00000,-11.94139, 1.02570,1593.06631,2161.56482,19000.01820, 0.00000,-0.00000,-0.00000,
13.40000,3213.44312,-0.00094,-675.79341, 0.00000,-413.50783,-0.00000,1146.64462,-7.26207,-0.00000, 0.00000,-20.23074,-0.00000, 0.44182, 0.00000,-11.94179, 1.02437,1593.59709,2167.90726,19000.01646, 0.00000,-0.00000,-0.00000,
13.50000,3291.22498,-0.00095,-759.95979, 0.00000,-415.53003,-0.00000,1145.56034,-7.26055,-0.00000, 0.00000,-20.21348,-0.00000, 0.44157, 0.00000,-11.94484, 1.02310,1594.46610,2174.47731,19000.01490, 0.00000,-0.00000,-0.00000,
13.60000,3365.91915,-0.00095,-846.73995, 0.00000,-417.55058,-0.00000,1144.54992,-7.25908,-0.00000, 0.00000,-20.19757,-0.00000, 0.44121, 0.00000,-11.95040, 1.02188,1595.65705,2181.26818,19000.01348, 0.00000,-0.00000,-0.00000,
13.70000,3437.44516,-0.00095,-936.02446, 0.00001,-419.56959,-0.00000,1143.60894,-7.25765,-0.00000, 0.00000,-20.18294,-0.00000, 0.44076, 0.00000,-11.95835, 1.02073,1597.15356,2188.27284,19000.01220, 0.00000,-0.00000,-0.00000,
13.80000,3505.72581,-0.00096,-1027.70150, 0.00001,-421.58720,-0.00000,1142.73297,-7.25627,-0.00000, 0.00000,-20.16952,-0.00000, 0.44023, 0.00000,-11.96856, 1.01962,1598.93915,2195.48404,19000.01104, 0.00000,-0.00000,-0.00000,
13.90000,3570.68723,-0.00096,-1121.65694, 0.00001,-423.60353,-0.00000,1141.91756,-7.25492,-0.00000, 0.00000,-20.15726,-0.00000, 0.43961, 0.00000,-11.98090, 1.01856,1600.99728,2202.89431,19000.00999, 0.00000,-0.00000,-0.00000,
14.00000,3632.25898,-0.00096,-1217.77437, 0.00001,-425.61869,-0.00000,1141.15826,-7.25362,-0.00000, 0.00000,-20.14607,-0.00000, 0.43891, 0.00000,-11.99525, 1.01754,1603.31127,2210.49592,19000.00904, 0.00000,-0.00000,-0.00000,
14.10000,3690.37416,-0.00097,-1315.93514, 0.00001,-427.63278,-0.00001,1140.45064,-7.25235,-0.00000, 0.00000,-20.13591,-0.00000, 0.43814, 0.00000,-12.01146, 1.01656,1605.86434,2218.28093,19000.00818, 0.00000,-0.00000,-0.00000,
14.20000,3744.96948,-0.00097,-1416.01847, 0.00001,-429.64591,-0.00001,1139.79026,-7.25112,-0.00000, 0.00000,-20.12669,-0.00000, 0.43730, 0.00000,-12.02942, 1.01562,1608.63958,2226.24113,19000.00740, 0.00000,-0.00000,-0.00000,
14.30000,3795.98537,-0.00097,-1517.90147, 0.00001,-431.65815,-0.00001,1139.17269,-7.24992,-0.00000, 0.00000,-20.11836,-0.00000, 0.43640, 0.00000,-12.04898, 1.01471,1611.61995,2234.36809,19000.00669, 0.00000,-0.00000,-0.00000,
14.40000,3843.36609,-0.00098,-1621.45925, 0.00001,-433.66961,-0.00001,1138.59353,-7.24876,-0.00000, 0.00000,-20.11085,-0.00000, 0.43544, 0.00000,-12.07003, 1.01383,1614.78828,2242.65312,19000.00606, 0.00000,-0.00000,-0.00000,
14.50000,3887.05979,-0.00098,-1726.56498, 0.00001,-435.68035,-0.00001,1138.04837,-7.24762,-0.00000, 0.00000,-20.10409,-0.00000, 0.43443, 0.00000,-12.09242, 1.01297,1618.12725,2251.08726,19000.00548, 0.00000,-0.00000,-0.00000,
14.60000,3927.01866,-0.00099,-1833.09001, 0.00001,-437.69045,-0.00001,1137.53285,-7.24652,-0.00000, 0.00000,-20.09801,-0.00000, 0.43337, 0.00000,-12.11602, 1.01214,1621.61943,2259.66135,19000.00496, 0.00000,-0.00000,-0.00000,
14.70000,3963.19903,-0.00099,-1940.90394, 0.00002,-439.69997,-0.00001,1137.04262,-7.24545,-0.00000, 0.00000,-20.09255,-0.00000, 0.43227, 0.00000,-12.14070, 1.01132,1625.24724,2268.36595,19000.00449, 0.00000,-0.00000,-0.00000,
14.80000,3995.56142,-0.00099,-2049.87475, 0.00002,-441.70897,-0.00002,1136.57336,-7.24441,-0.00000, 0.00000,-20.08762,-0.00000, 0.43114, 0.00000,-12.16633, 1.01052,1628.99296,2277.19137,19000.00406, 0.00000,-0.00000,-0.00000,
14.90000,4024.07070,-0.00100,-2159.86892, 0.00003,-443.71751,-0.00003,1136.12079,-7.24339,-0.00000, 0.00000,-20.08317,-0.00000, 0.42998, 0.00000,-12.19277, 1.00974,1632.83879,2286.12770,19000.00367, 0.00000,-0.00000,-0.00000,
15.00000,4048.69616,-0.00100,-2270.75151, 0.00004,-445.72562,-0.00004,1135.68067,-7.24240,-0.00000, 0.00000,-20.07911,-0.00000, 0.42879, 0.00000,-12.21988, 1.00896,1636.76678,2295.16477,19000.00332, 0.00000,-0.00000,-0.00000,
15.10000,4069.41159,-0.00101,-2382.38637, 0.00008,-447.73334,-0.00007,1135.24879,-7.24144,-0.00000, 0.00000,-20.07539,-0.00000, 0.42758, 0.00000,-12.24753, 1.00818,1640.75888,2304.29220,19000.00301, 0.00000,-0.00000,-0.00000,
15.20000,4086.19542,-0.00102,-2494.63619, 0.00068,-449.74071,-0.00067,1134.82100,-7.24051,-0.00000, 0.00000,-20.07192,-0.00000, 0.42636, 0.00000,-12.27559, 1.00741,1644.79700,2313.49937,19000.00272, 0.00000,-0.00000,-0.00000,
15.30000,4099.03061,-0.00103,-2607.36275,-0.00030,-451.74782, 0.00030,1134.39321,-7.23960,-0.00000, 0.00000,-20.06864, 0.00000, 0.42512, 0.00000,-12.30393, 1.00664,1648.86292,2322.77544,19000.00246, 0.00000,-0.00000,-0.00000,
15.40000,4107.90518,-0.00105,-2720.42697,-0.00014,-453.75453, 0.00014,1133.96137,-7.23873,-0.00000, 0.00000,-20.06546, 0.00000, 0.42389, 0.00000,-12.33239, 1.00587,1652.93840,2332.10936,19000.00223, 0.00000,-0.00000,-0.00000,
15.50000,4112.81193,-0.00107,-2833.68917,-0.00009,-455.76091, 0.00009,1133.52149,-7.23788,-0.00000, 0.00000,-20.06232, 0.00000, 0.42266, 0.00000,-12.36086, 1.00508,1657.00518,2341.48989,19000.00202, 0.00000,-0.00000,-0.00000,
15.60000,4113.74855,-0.00108,-2947.00918,-0.00007,-457.76699, 0.00007,1133.06966,-7.23706,-0.00000, 0.00000,-20.05914, 0.00000, 0.42144, 0.00000,-12.38919, 1.00429,1661.04496,2350.90560,19000.00182, 0.00000,-0.00000,-0.00000,
15.70000,4110.71774,-0.00110,-3060.24657,-0.00005,-459.77274, 0.00005,1132.60203,-7.23627,-0.00000, 0.00000,-20.05585, 0.00000, 0.42023, 0.00000,-12.41726, 1.00349,1665.03948,2360.34488,19000.00165, 0.00000,-0.00000,-0.00000,
15.80000,4103.72724,-0.00112,-3173.26081,-0.00004,-461.77815, 0.00005,1132.11482,-7.23551,-0.00000, 0.00000,-20.05237, 0.00000, 0.41904, 0.00000,-12.44492, 1.00266,1668.97052,2369.79598,19000.00149, 0.00000,-0.00000,-0.00000,
15.90000,4092.78994,-0.00114,-3285.91149,-0.00004,-463.78320, 0.00004,1131.60435,-7.23478,-0.00000, 0.00000,-20.04862, 0.00000, 0.41787, 0.00000,-12.47206, 1.00182,1672.81994,2379.24698,19000.00135, 0.00000,-0.00000,-0.00000,
16.00000,4077.92382,-0.00116,-3398.05849,-0.00003,-465.78786, 0.00003,1131.06699,-7.23408,-0.00000, 0.00000,-20.04454, 0.00000, 0.41674, 0.00000,-12.49853, 1.00096,1676.56969,2388.68586,19000.00122, 0.00000,-0.00000,-0.00000,
16.10000,4059.15207,-0.00117,-3509.56222,-0.00003,-467.79210, 0.00003,1130.49922,-7.23343,-0.00000, 0.00000,-20.04004, 0.00000, 0.41564, 0.00000,-12.52421, 1.00008,1680.20187,2398.10047,19000.00111, 0.00000,-0.00000,-0.00000,
16.20000,4036.50309,-0.00119,-3620.28382,-0.00003,-469.79586, 0.00003,1129.89760,-7.23280,-0.00000, 0.00000,-20.03506, 0.00000, 0.41458, 0.00000,-12.54897, 0.99917,1683.69876,2407.47860,19000.00100, 0.00000,-0.00000,-0.00000,
16.30000,4010.01045,-0.00121,-3730.08538,-0.00002,-471.79909, 0.00002,1129.25881,-7.23222,-0.00000, 0.00000,-20.02952, 0.00000, 0.41357, 0.00000,-12.57269, 0.99822,1687.04282,2416.80795,19000.00091, 0.00000,-0.00000,-0.00000,
16.40000,3979.71296,-0.00123,-3838.83016,-0.00002,-473.80174, 0.00002,1128.57960,-7.23168,-0.00000, 0.00000,-20.02334, 0.00000, 0.41261, 0.00000,-12.59524, 0.99725,1690.21680,2426.07619,19000.00082, 0.00000,-0.00000,-0.00000,
16.50000,3945.65460,-0.00125,-3946.38285,-0.00002,-475.80374, 0.00002,1127.85684,-7.23118,-0.00000, 0.00000,-20.01646, 0.00000, 0.41170, 0.00000,-12.61650, 0.99625,1693.20370,2435.27096,19000.00074, 0.00000,-0.00000,-0.00000,
16.60000,3907.88451,-0.00126,-4052.60974,-0.00002,-477.80501, 0.00002,1127.08749,-7.23072,-0.00000, 0.00000,-20.00879, 0.00000, 0.41086, 0.00000,-12.63635, 0.99521,1695.98686,2444.37992,19000.00067, 0.00000,-0.00000,-0.00000,
16.70000,3866.45699,-0.00128,-4157.37902,-0.00002,-479.80547, 0.00002,1126.26865,-7.23031,-0.00000, 0.00000,-20.00029, 0.00000, 0.41009, 0.00000,-12.65467, 0.99413,1698.54998,2453.39076,19000.00061, 0.00000,-0.00000,-0.00000,
16.80000,3821.43137,-0.00130,-4260.56094,-0.00002,-481.80503, 0.00002,1125.39751,-7.22995,-0.00000, 0.00000,-19.99086, 0.00000, 0.40938, 0.00000,-12.67136, 0.99301,1700.87718,2462.29119,19000.00055, 0.00000,-0.00000,-0.00000,
16.90000,3772.87202,-0.00132,-4362.02811,-0.00002,-483.80361, 0.00002,1124.47138,-7.22965,-0.00000, 0.00000,-19.98045, 0.00000, 0.40876, 0.00000,-12.68631, 0.99185,1702.95303,2471.06906,19000.00050, 0.00000,-0.00000,-0.00000,
17.00000,3720.84822,-0.00134,-4461.65569,-0.00001,-485.80109, 0.00002,1123.48771,-7.22939,-0.00000, 0.00000,-19.96899, 0.00000, 0.40821, 0.00000,-12.69940, 0.99064,1704.76256,2479.71230,19000.00045, 0.00000,-0.00000,-0.00000,
17.10000,3665.43411,-0.00135,-4559.32164,-0.00001,-487.79737, 0.00001,1122.44406,-7.22919,-0.00000, 0.00000,-19.95642, 0.00000, 0.40775, 0.00000,-12.71054, 0.98939,1706.29136,2488.20897,19000.00041, 0.00000,-0.00000,-0.00000,
17.20000,3606.70853,-0.00137,-4654.90694,-0.00001,-489.79233, 0.00001,1121.33811,-7.22905,-0.00000, 0.00000,-19.94268, 0.00000, 0.40738, 0.00000,-12.71962, 0.98810,1707.52559,2496.54732,19000.00037, 0.00000,-0.00000,-0.00000,
17.30000,3544.75496,-0.00139,-4748.29581,-0.00001,-491.78586, 0.00001,1120.16768,-7.22898,-0.00000, 0.00000,-19.92769, 0.00000, 0.40710, 0.00000,-12.72656, 0.98675,1708.45201,2504.71579,19000.00033, 0.00000,-0.00000,-0.00000,
17.40000,3479.66134,-0.00141,-4839.37593,-0.00001,-493.77783, 0.00001,1118.93073,-7.22896,-0.00000, 0.00000,-19.91142, 0.00000, 0.40692, 0.00000,-12.73127, 0.98536,1709.05803,2512.70304,19000.00030, 0.00000,-0.00000,-0.00000,
17.50000,3411.51994,-0.00142,-4928.03866,-0.00001,-495.76810, 0.00001,1117.62533,-7.22901,-0.00000, 0.00000,-19.89380, 0.00000, 0.40684, 0.00000,-12.73366, 0.98391,1709.33175,2520.49799,19000.00027, 0.00000,-0.00000,-0.00000,
17.60000,3340.42722,-0.00144,-5014.17923,-0.00001,-497.75654, 0.00001,1116.24971,-7.22912,-0.00000, 0.00000,-19.87479, 0.00000, 0.40687, 0.00000,-12.73365, 0.98241,1709.26200,2528.08984,19000.00025, 0.00000,-0.00000,-0.00000,
17.70000,3266.48361,-0.00146,-5097.69698,-0.00001,-499.74301, 0.00001,1114.80222,-7.22931,-0.00000, 0.00000,-19.85433, 0.00000, 0.40700, 0.00000,-12.73118, 0.98086,1708.83836,2535.46811,19000.00022, 0.00000,-0.00000,-0.00000,
17.80000,3189.79338,-0.00147,-5178.49548,-0.00001,-501.72736, 0.00001,1113.28136,-7.22956,-0.00000, 0.00000,-19.83237, 0.00000, 0.40724, 0.00000,-12.72616, 0.97926,1708.05120,2542.62265,19000.00020, 0.00000,-0.00000,-0.00000,
17.90000,3110.46442,-0.00149,-5256.48277,-0.00001,-503.70943, 0.00001,1111.68577,-7.22989,-0.00000, 0.00000,-19.80888, 0.00000, 0.40759, 0.00000,-12.71854, 0.97759,1706.89170,2549.54367,19000.00018, 0.00000,-0.00000,-0.00000,
18.00000,3028.60800,-0.00151,-5331.57152,-0.00001,-505.68908, 0.00001,1110.01422,-7.23029,-0.00000, 0.00000,-19.78382, 0.00000, 0.40806, 0.00000,-12.70825, 0.97587,1705.35191,2556.22179,19000.00017, 0.00000,-0.00000,-0.00000,
18.10000,2944.33863,-0.00152,-5403.67914,-0.00001,-507.66614, 0.00001,1108.26564,-7.23077,-0.00000, 0.00000,-19.75714, 0.00000, 0.40865, 0.00000,-12.69526, 0.97410,1703.42472,2562.64804,19000.00015, 0.00000,-0.00000,-0.00000,
18.20000,2857.77375,-0.00154,-5472.72801,-0.00001,-509.64045, 0.00001,1106.43908,-7.23132,-0.00000, 0.00000,-19.72882, 0.00000, 0.40936, 0.00000,-12.67951, 0.97227,1701.10392,2568.81387,19000.00014, 0.00000,-0.00000,-0.00000,
18.30000,2769.03355,-0.00155,-5538.64553,-0.00001,-511.61185, 0.00001,1104.53374,-7.23195,-0.00000, 0.00000,-19.69883, 0.00000, 0.41019, 0.00000,-12.66096, 0.97038,1698.38422,2574.71124,19000.00012, 0.00000,-0.00000,-0.00000,
18.40000,2678.24070,-0.00157,-5601.36430,-0.00001,-513.58017, 0.00001,1102.54897,-7.23265,-0.00000, 0.00000,-19.66715, 0.00000, 0.41114, 0.00000,-12.63959, 0.96843,1695.26123,2580.33254,19000.00011, 0.00000,-0.00000,-0.00000,
18.50000,2585.52011,-0.00158,-5660.82217,-0.00001,-515.54522, 0.00001,1100.48426,-7.23344,-0.00000, 0.00000,-19.63374, 0.00000, 0.41221, 0.00000,-12.61535, 0.96642,1691.73151,2585.67070,19000.00010, 0.00000,-0.00000,-0.00000,
18.60000,2490.99867,-0.00160,-5716.96242,-0.00001,-517.50686, 0.00001,1098.33922,-7.23430,-0.00000, 0.00000,-19.59860, 0.00000, 0.41341, 0.00000,-12.58824, 0.96435,1687.79256,2590.71916,19000.00009, 0.00000,-0.00000,-0.00000,
18.70000,2394.80498,-0.00161,-5769.73372,-0.00001,-519.46489, 0.00001,1096.11363,-7.23524,-0.00000, 0.00000,-19.56172, 0.00000, 0.41473, 0.00000,-12.55823, 0.96223,1683.44281,2595.47191,19000.00008, 0.00000,-0.00000,-0.00000,
18.80000,2297.06911,-0.00162,-5819.09029,-0.00001,-521.41914, 0.00001,1093.80737,-7.23626,-0.00000, 0.00000,-19.52307, 0.00000, 0.41618, 0.00000,-12.52532, 0.96004,1678.68166,2599.92346,19000.00007, 0.00000,-0.00000,-0.00000,
18.90000,2197.92230,-0.00164,-5864.99189,-0.00001,-523.36944, 0.00001,1091.42050,-7.23736,-0.00000, 0.00000,-19.48266, 0.00000, 0.41775, 0.00000,-12.48950, 0.95780,1673.50943,2604.06893,19000.00007, 0.00000,-0.00000,-0.00000,
19.00000,2097.49670,-0.00165,-5907.40389,-0.00001,-525.31561, 0.00001,1088.95317,-7.23854,-0.00000, 0.00000,-19.44049, 0.00000, 0.41944, 0.00000,-12.45078, 0.95550,1667.92737,2607.90397,19000.00006, 0.00000,-0.00000,-0.00000,
19.10000,1995.92512,-0.00166,-5946.29723,-0.00001,-527.25748, 0.00001,1086.40569,-7.23979,-0.00000, 0.00000,-19.39655, 0.00000, 0.42126, 0.00000,-12.40917, 0.95314,1661.93767,2611.42484,19000.00006, 0.00000,-0.00000,-0.00000,
19.20000,1893.34071,-0.00168,-5981.64848,-0.00001,-529.19487, 0.00001,1083.77849,-7.24112,-0.00000, 0.00000,-19.35086, 0.00000, 0.42320, 0.00000,-12.36468, 0.95072,1655.54342,2614.62837,19000.00005, 0.00000,-0.00000,-0.00000,
19.30000,1789.87674,-0.00169,-6013.43978,-0.00001,-531.12760, 0.00001,1081.07213,-7.24251,-0.00000, 0.00000,-19.30343, 0.00000, 0.42527, 0.00000,-12.31734, 0.94824,1648.74860,2617.51201,19000.00005, 0.00000,-0.00000,-0.00000,
19.40000,1685.66633,-0.00170,-6041.65881,-0.00001,-533.05549, 0.00001,1078.28728,-7.24398,-0.00000, 0.00000,-19.25426, 0.00000, 0.42745, 0.00000,-12.26717, 0.94571,1641.55806,2620.07377,19000.00004, 0.00000,-0.00000,-0.00000,
19.50000,1580.84213,-0.00171,-6066.29879,-0.00001,-534.97839, 0.00001,1075.42475,-7.24552,-0.00000, 0.00000,-19.20338, 0.00000, 0.42975, 0.00000,-12.21421, 0.94312,1633.97750,2622.31227,19000.00004, 0.00000,-0.00000,-0.00000,
19.60000,1475.53613,-0.00172,-6087.35833,-0.00001,-536.89611, 0.00000,1072.48546,-7.24713,-0.00000, 0.00000,-19.15081, 0.00000, 0.43217, 0.00000,-12.15849, 0.94048,1626.01341,2624.22671,19000.00003, 0.00000,-0.00000,-0.00000,
19.70000,1369.87938,-0.00173,-6104.84145,-0.00001,-538.80850, 0.00000,1069.47043,-7.24880,-0.00000, 0.00000,-19.09657, 0.00000, 0.43470, 0.00000,-12.10006, 0.93778,1617.67310,2625.81689,19000.00003, 0.00000,-0.00000,-0.00000,
19.80000,1264.00172,-0.00174,-6118.75742,-0.00001,-540.71537, 0.00000,1066.38081,-7.25053,-0.00000, 0.00000,-19.04070, 0.00000, 0.43735, 0.00000,-12.03896, 0.93502,1608.96461,2627.08318,19000.00003, 0.00000,-0.00000,-0.00000,
19.90000,1158.03159,-0.00175,-6129.12068,-0.00001,-542.61658, 0.00000,1063.21785,-7.25232,-0.00000, 0.00000,-18.98322, 0.00000, 0.44010, 0.00000,-11.97525, 0.93222,1599.89671,2628.02650,19000.00002, 0.00000,-0.00000,-0.00000,
20.00000,1052.09574,-0.00176,-6135.95073,-0.00001,-544.51197, 0.00000,1059.98288,-7.25416,-0.00000, 0.00000,-18.92417, 0.00000, 0.44296, 0.00000,-11.90899, 0.92936,1590.47883,2628.64836,19000.00002, 0.00000,-0.00000,-0.00000,
20.10000,946.31906,-0.00177,-6139.27198,-0.00001,-546.40137, 0.00000,1056.67736,-7.25605,-0.00000, 0.00000,-18.86360, 0.00000, 0.44592, 0.00000,-11.84023, 0.92645,1580.72106,2628.95079,19000.00002, 0.00000,-0.00000,-0.00000,
20.20000,840.82434,-0.00177,-6139.11364,-0.00001,-548.28464, 0.00000,1053.30282,-7.25799,-0.00000, 0.00000,-18.80153, 0.00000, 0.44899, 0.00000,-11.76905, 0.92349,1570.63406,2628.93637,19000.00002, 0.00000,-0.00000,-0.00000,
20.30000,735.73208,-0.00178,-6135.50953,-0.00001,-550.16163, 0.00000,1049.86090,-7.25997,-0.00000, 0.00000,-18.73803, 0.00000, 0.45215, 0.00000,-11.69552, 0.92049,1560.22908,2628.60819,19000.00002, 0.00000,-0.00000,-0.00000,
20.40000,631.16027,-0.00179,-6128.49797,-0.00001,-552.03219, 0.00000,1046.35330,-7.26199,-0.00000, 0.00000,-18.67313, 0.00000, 0.45540, 0.00000,-11.61970, 0.91743,1549.51783,2627.96981,19000.00002, 0.00000,-0.00000,-0.00000,
20.50000,527.22427,-0.00180,-6118.12155,-0.00001,-553.89621, 0.00000,1042.78181,-7.26404,-0.00000, 0.00000,-18.60688, 0.00000, 0.45874, 0.00000,-11.54169, 0.91433,1538.51253,2627.02530,19000.00001, 0.00000,-0.00000,-0.00000,
20.60000,424.03657,-0.00180,-6104.42702,-0.00001,-555.75353, 0.00000,1039.14831,-7.26611,-0.00000, 0.00000,-18.53935, 0.00000, 0.46217, 0.00000,-11.46154, 0.91119,1527.22579,2625.77919,19000.00001, 0.00000,-0.00000,-0.00000,
20.70000,321.70668,-0.00181,-6087.46504,-0.00001,-557.60403, 0.00000,1035.45473,-7.26821,-0.00000, 0.00000,-18.47057, 0.00000, 0.46568, 0.00000,-11.37936, 0.90800,1515.67060,2624.23642,19000.00001, 0.00000,-0.00000,-0.00000,
20.80000,220.34100,-0.00181,-6067.29005,-0.00001,-559.44760, 0.00000,1031.70308,-7.27032,-0.00000, 0.00000,-18.40062, 0.00000, 0.46927, 0.00000,-11.29522, 0.90477,1503.86027,2622.40236,19000.00001, 0.00000,-0.00000,-0.00000,
20.90000,120.04263,-0.00182,-6043.96003,-0.00001,-561.28412, 0.00000,1027.89542,-7.27245,-0.00000, 0.00000,-18.32954, 0.00000, 0.47293, 0.00000,-11.20921, 0.90151,1491.80839,2620.28277,19000.00001, 0.00000,-0.00000,-0.00000,
21.00000,20.91130,-0.00182,-6017.53632,-0.00001,-563.11348, 0.00000,1024.03387,-7.27458,-0.00000, 0.00000,-18.25740, 0.00000, 0.47666, 0.00000,-11.12142, 0.89820,1479.52880,2617.88378,19000.00001, 0.00000,-0.00000,-0.00000,
21.10000,-76.95674,-0.00183,-5988.08341,-0.00001,-564.93557, 0.00000,1020.12062,-7.27670,-0.00000, 0.00000,-18.18427, 0.00000, 0.48045, 0.00000,-11.03194, 0.89486,1467.03550,2615.21185,19000.00001, 0.00000,-0.00000,-0.00000,
21.20000,-173.46883,-0.00183,-5955.66876,-0.00001,-566.75030, 0.00000,1016.15787,-7.27882,-0.00000, 0.00000,-18.11019, 0.00000, 0.48431, 0.00000,-10.94086, 0.89148,1454.34264,2612.27378,19000.00001, 0.00000,-0.00000,-0.00000,
21.30000,-268.53595,-0.00184,-5920.36253,-0.00001,-568.55758, 0.00000,1012.14790,-7.28093,-0.00000, 0.00000,-18.03525, 0.00000, 0.48822, 0.00000,-10.84829, 0.88807,1441.46448,2609.07664,19000.00001, 0.00000,-0.00000,-0.00000,
21.40000,-362.07284,-0.00184,-5882.23747,-0.00001,-570.35732, 0.00000,1008.09302,-7.28301,-0.00000, 0.00000,-17.95950, 0.00000, 0.49219, 0.00000,-10.75430, 0.88462,1428.41534,2605.62778,19000.00001, 0.00000,-0.00000,-0.00000,
21.50000,-453.99800,-0.00184,-5841.36862,-0.00001,-572.14945, 0.00000,1003.99556,-7.28507,-0.00000, 0.00000,-17.88301, 0.00000, 0.49620, 0.00000,-10.65900, 0.88115,1415.20953,2601.93480,19000.00000, 0.00000,-0.00000,-0.00000,
21.60000,-544.23374,-0.00185,-5797.83314,-0.00001,-573.93390, 0.00000,999.85789,-7.28709,-0.00000, 0.00000,-17.80586, 0.00000, 0.50026, 0.00000,-10.56248, 0.87765,1401.86136,2598.00549,19000.00000, 0.00000,-0.00000,-0.00000,
21.70000,-632.70625,-0.00185,-5751.71013,-0.00001,-575.71060, 0.00000,995.68241,-7.28907,-0.00000, 0.00000,-17.72809, 0.00000, 0.50435, 0.00000,-10.46483, 0.87412,1388.38507,2593.84786,19000.00000, 0.00000,-0.00000,-0.00000,
21.80000,-719.34559,-0.00185,-5703.08038,-0.00001,-577.47950, 0.00000,991.47153,-7.29100,-0.00000, 0.00000,-17.64979, 0.00000, 0.50848, 0.00000,-10.36616, 0.87056,1374.79482,2589.47007,19000.00000, 0.00000,-0.00000,-0.00000,
21.90000,-804.08567,-0.00185,-5652.02621,-0.00001,-579.24055,-0.00000,987.22770,-7.29288,-0.00000, 0.00000,-17.57103, 0.00000, 0.51265, 0.00000,-10.26655, 0.86699,1361.10461,2584.88043,19000.00000, 0.00000,-0.00000,-0.00000,
22.00000,-886.86431,-0.00185,-5598.63125,-0.00001,-580.99369,-0.00000,982.95335,-7.29470,-0.00000, 0.00000,-17.49186, 0.00000, 0.51684, 0.00000,-10.16610, 0.86339,1347.32830,2580.08738,19000.00000, 0.00000,-0.00000,-0.00000,
22.10000,-967.62320,-0.00185,-5542.98025,-0.00001,-582.73891,-0.00000,978.65096,-7.29644,-0.00000, 0.00000,-17.41236, 0.00000, 0.52105, 0.00000,-10.06491, 0.85977,1333.47955,2575.09943,19000.00000, 0.00000,-0.00000,-0.00000,
22.20000,-1046.30783,-0.00185,-5485.15892,-0.00001,-584.47616,-0.00000,974.32299,-7.29811,-0.00000, 0.00000,-17.33260, 0.00000, 0.52528, 0.00000,-9.96305, 0.85614,1319.57181,2569.92518,19000.00000, 0.00000,-0.00000,-0.00000,
22.30000,-1122.86755,-0.00185,-5425.25370,-0.00001,-586.20542,-0.00000,969.97190,-7.29970,-0.00000, 0.00000,-17.25264, 0.00000, 0.52952, 0.00000,-9.86064, 0.85249,1305.61825,2564.57329,19000.00000, 0.00000,-0.00000,-0.00000,
22.40000,-1197.25545,-0.00185,-5363.35163,-0.00001,-587.92668,-0.00000,965.60017,-7.30119,-0.00000, 0.00000,-17.17255, 0.00000, 0.53378, 0.00000,-9.75775, 0.84882,1291.63182,2559.05244,19000.00000, 0.00000,-0.00000,-0.00000,
22.50000,-1269.42836,-0.00185,-5299.54015,-0.00001,-589.63993,-0.00000,961.21028,-7.30259,-0.00000, 0.00000,-17.09239, 0.00000, 0.53804, 0.00000,-9.65447, 0.84514,1277.62514,2553.37132,19000.00000, 0.00000,-0.00000,-0.00000,
22.60000,-1339.34675,-0.00185,-5233.90695,-0.00001,-591.34516,-0.00000,956.80467,-7.30389,-0.00000, 0.00000,-17.01224, 0.00000, 0.54230, 0.00000,-9.55089, 0.84146,1263.61053,2547.53861,19000.00000, 0.00000,-0.00000,-0.00000,
22.70000,-1406.97473,-0.00185,-5166.53981,-0.00001,-593.04238,-0.00000,952.38580,-7.30507,-0.00000, 0.00000,-16.93216, 0.00000, 0.54657, 0.00000,-9.44710, 0.83776,1249.59999,2541.56297,19000.00000, 0.00000,-0.00000,-0.00000,
22.80000,-1472.27990,-0.00185,-5097.52645,-0.00001,-594.73159,-0.00000,947.95611,-7.30613,-0.00000, 0.00000,-16.85220, 0.00000, 0.55083, 0.00000,-9.34317, 0.83406,1235.60517,2535.45303,19000.00000, 0.00000,-0.00000,-0.00000,
22.90000,-1535.23337,-0.00185,-5026.95437,-0.00001,-596.41283,-0.00000,943.51804,-7.30707,-0.00000, 0.00000,-16.77244, 0.00000, 0.55508, 0.00000,-9.23920, 0.83036,1221.63737,2529.21732,19000.00000, 0.00000,-0.00000,-0.00000,
23.00000,-1595.80957,-0.00184,-4954.91075,-0.00001,-598.08609,-0.00000,939.07399,-7.30788,-0.00000, 0.00000,-16.69293, 0.00000, 0.55932, 0.00000,-9.13525, 0.82665,1207.70750,2522.86434,19000.00000, 0.00000,-0.00000,-0.00000,
23.10000,-1653.98628,-0.00184,-4881.48229,-0.00001,-599.75142,-0.00000,934.62635,-7.30855,-0.00000, 0.00000,-16.61374, 0.00000, 0.56355, 0.00000,-9.03141, 0.82294,1193.82612,2516.40247,19000.00000, 0.00000,-0.00000,-0.00000,
23.20000,-1709.74445,-0.00184,-4806.75509,-0.00001,-601.40885,-0.00000,930.17749,-7.30907,-0.00000, 0.00000,-16.53492, 0.00000, 0.56776, 0.00000,-8.92776, 0.81923,1180.00340,2509.84001,19000.00000, 0.00000,-0.00000,-0.00000,
23.30000,-1763.06814,-0.00184,-4730.81455,-0.00001,-603.05842,-0.00001,925.72976,-7.30945,-0.00000, 0.00000,-16.45653, 0.00000, 0.57195, 0.00000,-8.82435, 0.81552,1166.24910,2503.18512,19000.00000, 0.00000,-0.00000,-0.00000,
23.40000,-1813.94443,-0.00183,-4653.74526,-0.00001,-604.70017,-0.00001,921.28549,-7.30967,-0.00000, 0.00000,-16.37863, 0.00000, 0.57612, 0.00000,-8.72127, 0.81182,1152.57262,2496.44585,19000.00000, 0.00000,-0.00000,-0.00000,
23.50000,-1862.36334,-0.00183,-4575.63089,-0.00001,-606.33416,-0.00001,916.84696,-7.30972,-0.00000, 0.00000,-16.30126, 0.00000, 0.58026, 0.00000,-8.61858, 0.80812,1138.98293,2489.63011,19000.00000, 0.00000,-0.00000,-0.00000,
23.60000,-1908.31766,-0.00183,-4496.55412,-0.00001,-607.96045,-0.00001,912.41645,-7.30961,-0.00000, 0.00000,-16.22450, 0.00000, 0.58437, 0.00000,-8.51635, 0.80443,1125.48861,2482.74568,19000.00000, 0.00000,-0.00000,-0.00000,
23.70000,-1951.80294,-0.00182,-4416.59652,-0.00001,-609.57908,-0.00001,907.99620,-7.30933,-0.00000, 0.00000,-16.14838, 0.00000, 0.58846, 0.00000,-8.41464, 0.80076,1112.09786,2475.80016,19000.00000, 0.00000,-0.00000,-0.00000,
23.80000,-1992.81729,-0.00182,-4335.83850,-0.00001,-611.19014,-0.00001,903.58841,-7.30887,-0.00000, 0.00000,-16.07295, 0.00000, 0.59251, 0.00000,-8.31352, 0.79709,1098.81847,2468.80101,19000.00000, 0.00000,-0.00000,-0.00000,
23.90000,-2031.36138,-0.00182,-4254.35922,-0.00001,-612.79370,-0.00001,899.19526,-7.30823,-0.00000, 0.00000,-15.99827, 0.00000, 0.59652, 0.00000,-8.21303, 0.79343,1085.65783,2461.75550,19000.00000, 0.00000,-0.00000,-0.00000,
24.00000,-2067.43823,-0.00181,-4172.23657,-0.00001,-614.38982,-0.00001,894.81890,-7.30740,-0.00000, 0.00000,-15.92438, 0.00000, 0.60050, 0.00000,-8.11324, 0.78979,1072.62295,2454.67076,19000.00000, 0.00000,-0.00000,-0.00000,
24.10000,-2101.05318,-0.00181,-4089.54704,-0.00002,-615.97860,-0.00001,890.46142,-7.30638,-0.00000, 0.00000,-15.85133, 0.00000, 0.60443, 0.00000,-8.01420, 0.78617,1059.72047,2447.55372,19000.00000, 0.00000,-0.00000,-0.00000,
24.20000,-2132.21375,-0.00180,-4006.36572,-0.00002,-617.56012,-0.00002,886.12490,-7.30516,-0.00000, 0.00000,-15.77915, 0.00000, 0.60833, 0.00000,-7.91597, 0.78256,1046.95662,2440.41113,19000.00000, 0.00000,-0.00000,-0.00000,
24.30000,-2160.92957,-0.00180,-3922.76625,-0.00002,-619.13446,-0.00002,881.81138,-7.30375,-0.00000, 0.00000,-15.70790, 0.00000, 0.61218, 0.00000,-7.81859, 0.77898,1034.33729,2433.24956,19000.00000, 0.00000,-0.00000,-0.00000,
24.40000,-2187.21221,-0.00179,-3838.82077,-0.00002,-620.70173,-0.00002,877.52287,-7.30214,-0.00000, 0.00000,-15.63761, 0.00000, 0.61598, 0.00000,-7.72210, 0.77541,1021.86799,2426.07539,19000.00000, 0.00000,-0.00000,-0.00000,
24.50000,-2211.07516,-0.00179,-3754.59989,-0.00003,-622.26202,-0.00003,873.26132,-7.30032,-0.00000, 0.00000,-15.56831, 0.00000, 0.61974, 0.00000,-7.62656, 0.77187,1009.55387,2418.89481,19000.00000, 0.00000,-0.00000,-0.00000,
24.60000,-2232.53367,-0.00178,-3670.17265,-0.00004,-623.81543,-0.00003,869.02867,-7.29830,-0.00000, 0.00000,-15.50005, 0.00000, 0.62346, 0.00000,-7.53201, 0.76835,997.39974,2411.71383,19000.00000, 0.00000,-0.00000,-0.00000,
24.70000,-2251.60468,-0.00178,-3585.60652,-0.00005,-625.36206,-0.00005,864.82680,-7.29606,-0.00000, 0.00000,-15.43286, 0.00000, 0.62712, 0.00000,-7.43848, 0.76485,985.41009,2404.53826,19000.00000, 0.00000,-0.00000,-0.00000,
24.80000,-2268.30671,-0.00177,-3500.96737,-0.00007,-626.90204,-0.00007,860.65756,-7.29362,-0.00000, 0.00000,-15.36677, 0.00000, 0.63073, 0.00000,-7.34602, 0.76139,973.58905,2397.37372,19000.00000, 0.00000,-0.00000,-0.00000,
24.90000,-2282.65977,-0.00177,-3416.31947,-0.00015,-628.43546,-0.00014,856.52277,-7.29097,-0.00000, 0.00000,-15.30181, 0.00000, 0.63429, 0.00000,-7.25466, 0.75795,961.94047,2390.22565,19000.00000, 0.00000,-0.00000,-0.00000,
25.00000,-2294.68526,-0.00176,-3331.72543,-0.00607,-629.96244,-0.00606,852.42419,-7.28811,-0.00000, 0.00000,-15.23801, 0.00000, 0.63779, 0.00000,-7.16443, 0.75454,950.46785,2383.09929,19000.00000, 0.00000,-0.00000,-0.00000,
25.10000,-2304.40590,-0.00176,-3247.24629, 0.00015,-631.48310, 0.00016,848.36358,-7.28504,-0.00000, 0.00000,-15.17540, 0.00000, 0.64125, 0.00000,-7.07537, 0.75117,939.17444,2375.99969,19000.00000, 0.00000,-0.00000,-0.00000,
25.20000,-2311.84563,-0.00175,-3162.94143, 0.00008,-632.99756, 0.00008,844.34262,-7.28175,-0.00000, 0.00000,-15.11401, 0.00000, 0.64464, 0.00000,-6.98751, 0.74782,928.06317,2368.93173,19000.00000, 0.00000,-0.00000,-0.00000,
25.30000,-2317.02952,-0.00175,-3078.86861, 0.00005,-634.50594, 0.00005,840.36297,-7.27825,-0.00000, 0.00000,-15.05385, 0.00000, 0.64798, 0.00000,-6.90087, 0.74451,917.13672,2361.90011,19000.00000, 0.00000,-0.00000,-0.00000,
25.40000,-2319.98368,-0.00174,-2995.08399, 0.00004,-636.00837, 0.00004,836.42625,-7.27455,-0.00000, 0.00000,-14.99496, 0.00000, 0.65127, 0.00000,-6.81548, 0.74124,906.39750,2354.90932,19000.00000, 0.00000,-0.00000,-0.00000,
25.50000,-2320.73522,-0.00173,-2911.64212, 0.00003,-637.50498, 0.00003,832.53405,-7.27063,-0.00000, 0.00000,-14.93735, 0.00000, 0.65449, 0.00000,-6.73137, 0.73800,895.84766,2347.96370,19000.00000, 0.00000,-0.00000,-0.00000,
25.60000,-2319.31213,-0.00173,-2828.59596, 0.00003,-638.99589, 0.00003,828.68791,-7.26651,-0.00000, 0.00000,-14.88104, 0.00000, 0.65766, 0.00000,-6.64856, 0.73480,885.48912,2341.06741,19000.00000, 0.00000,-0.00000,-0.00000,
25.70000,-2315.74322,-0.00172,-2745.99690, 0.00002,-640.48123, 0.00002,824.88933,-7.26219,-0.00000, 0.00000,-14.82604, 0.00000, 0.66077, 0.00000,-6.56707, 0.73164,875.32357,2334.22444,19000.00000, 0.00000,-0.00000,-0.00000,
25.80000,-2310.05806,-0.00172,-2663.89476, 0.00002,-641.96114, 0.00002,821.13978,-7.25767,-0.00000, 0.00000,-14.77238, 0.00000, 0.66383, 0.00000,-6.48692, 0.72852,865.35249,2327.43862,19000.00000, 0.00000,-0.00000,-0.00000,
25.90000,-2302.28689,-0.00171,-2582.33784, 0.00002,-643.43575, 0.00002,817.44069,-7.25294,-0.00000, 0.00000,-14.72007, 0.00000, 0.66682, 0.00000,-6.40813, 0.72545,855.57714,2320.71360,19000.00000, 0.00000,-0.00000,-0.00000,
26.00000,-2292.46060,-0.00170,-2501.37292, 0.00002,-644.90520, 0.00002,813.79345,-7.24803,-0.00000, 0.00000,-14.66912, 0.00000, 0.66975, 0.00000,-6.33071, 0.72241,845.99859,2314.05288,19000.00000, 0.00000,-0.00000,-0.00000,
26.10000,-2280.61062,-0.00170,-2421.04531, 0.00001,-646.36962, 0.00002,810.19943,-7.24293,-0.00000, 0.00000,-14.61954, 0.00000, 0.67262, 0.00000,-6.25469, 0.71942,836.61772,2307.45982,19000.00000, 0.00000,-0.00000,-0.00000,
26.20000,-2266.76887,-0.00169,-2341.39883, 0.00001,-647.82915, 0.00001,806.65992,-7.23764,-0.00000, 0.00000,-14.57134, 0.00000, 0.67544, 0.00000,-6.18007, 0.71647,827.43526,2300.93761,19000.00000, 0.00000,-0.00000,-0.00000,
26.30000,-2250.96773,-0.00169,-2262.47590, 0.00001,-649.28393, 0.00001,803.17623,-7.23217,-0.00000, 0.00000,-14.52452, 0.00000, 0.67819, 0.00000,-6.10687, 0.71358,818.45173,2294.48931,19000.00000, 0.00000,-0.00000,-0.00000,
26.40000,-2233.23998,-0.00168,-2184.31752, 0.00001,-650.73410, 0.00001,799.74959,-7.22654,-0.00000, 0.00000,-14.47910, 0.00000, 0.68088, 0.00000,-6.03511, 0.71072,809.66754,2288.11782,19000.00000, 0.00000,-0.00000,-0.00000,
26.50000,-2213.61871,-0.00167,-2106.96333, 0.00001,-652.17980, 0.00001,796.38122,-7.22073,-0.00000, 0.00000,-14.43508, 0.00000, 0.68351, 0.00000,-5.96478, 0.70792,801.08293,2281.82594,19000.00000, 0.00000,-0.00000,-0.00000,
26.60000,-2192.13735,-0.00167,-2030.45162, 0.00001,-653.62117, 0.00001,793.07228,-7.21477,-0.00000, 0.00000,-14.39246, 0.00000, 0.68608, 0.00000,-5.89590, 0.70517,792.69802,2275.61629,19000.00000, 0.00000,-0.00000,-0.00000,
26.70000,-2168.82955,-0.00166,-1954.81938, 0.00001,-655.05834, 0.00001,789.82392,-7.20866,-0.00000, 0.00000,-14.35124, 0.00000, 0.68859, 0.00000,-5.82848, 0.70246,784.51278,2269.49141,19000.00000, 0.00000,-0.00000,-0.00000,
26.80000,-2143.72918,-0.00166,-1880.10234, 0.00001,-656.49146, 0.00001,786.63724,-7.20240,-0.00000, 0.00000,-14.31143, 0.00000, 0.69104, 0.00000,-5.76253, 0.69981,776.52710,2263.45368,19000.00000, 0.00000,-0.00000,-0.00000,
26.90000,-2116.87028,-0.00165,-1806.33496, 0.00001,-657.92067, 0.00001,783.51331,-7.19600,-0.00000, 0.00000,-14.27302, 0.00000, 0.69342, 0.00000,-5.69805, 0.69721,768.74073,2257.50540,19000.00000, 0.00000,-0.00000,-0.00000,
27.00000,-2088.28703,-0.00164,-1733.55052, 0.00001,-659.34611, 0.00001,780.45316,-7.18948,-0.00000, 0.00000,-14.23600, 0.00000, 0.69575, 0.00000,-5.63504, 0.69466,761.15334,2251.64872,19000.00000, 0.00000,-0.00000,-0.00000,
27.10000,-2058.01372,-0.00164,-1661.78114, 0.00001,-660.76792, 0.00001,777.45781,-7.18284,-0.00000, 0.00000,-14.20039, 0.00000, 0.69802, 0.00000,-5.57353, 0.69217,753.76448,2245.88571,19000.00000, 0.00000,-0.00000,-0.00000,
27.20000,-2026.08470,-0.00163,-1591.05779, 0.00001,-662.18624, 0.00001,774.52820,-7.17609,-0.00000, 0.00000,-14.16616, 0.00000, 0.70022, 0.00000,-5.51350, 0.68973,746.57366,2240.21832,19000.00000, 0.00000,-0.00000,-0.00000,
27.30000,-1992.53438,-0.00163,-1521.41033, 0.00001,-663.60120, 0.00001,771.66528,-7.16924,-0.00000, 0.00000,-14.13332, 0.00000, 0.70237, 0.00000,-5.45495, 0.68734,739.58026,2234.64841,19000.00000, 0.00000,-0.00000,-0.00000,
27.40000,-1957.39717,-0.00162,-1452.86758, 0.00001,-665.01295, 0.00001,768.86996,-7.16230,-0.00000, 0.00000,-14.10186, 0.00000, 0.70446, 0.00000,-5.39791, 0.68502,732.78364,2229.17774,19000.00000, 0.00000,-0.00000,-0.00000,
27.50000,-1920.70751,-0.00162,-1385.45732, 0.00001,-666.42162, 0.00001,766.14308,-7.15529,-0.00000, 0.00000,-14.07176, 0.00000, 0.70648, 0.00000,-5.34236, 0.68275,726.18307,2223.80799,19000.00000, 0.00000,-0.00000,-0.00000,
27.60000,-1882.49978,-0.00161,-1319.20633, 0.00001,-667.82734, 0.00001,763.48550,-7.14820,-0.00000, 0.00000,-14.04302, 0.00000, 0.70845, 0.00000,-5.28830, 0.68054,719.77776,2218.54074,19000.00000, 0.00000,-0.00000,-0.00000,
27.70000,-1842.80834,-0.00160,-1254.14045, 0.00001,-669.23026, 0.00001,760.89801,-7.14107,-0.00000, 0.00000,-14.01562, 0.00000, 0.71036, 0.00000,-5.23574, 0.67838,713.56688,2213.37750,19000.00000, 0.00000,-0.00000,-0.00000,
27.80000,-1801.66748,-0.00160,-1190.28456, 0.00001,-670.63051, 0.00001,758.38138,-7.13388,-0.00000, 0.00000,-13.98956, 0.00000, 0.71220, 0.00000,-5.18468, 0.67629,707.54955,2208.31969,19000.00000, 0.00000,-0.00000,-0.00000,
27.90000,-1759.11142,-0.00159,-1127.66269, 0.00001,-672.02822, 0.00001,755.93635,-7.12666,-0.00000, 0.00000,-13.96482, 0.00000, 0.71399, 0.00000,-5.13512, 0.67426,701.72487,2203.36866,19000.00000, 0.00000,-0.00000,-0.00000,
28.00000,-1715.17430,-0.00159,-1066.29797, 0.00001,-673.42352, 0.00001,753.56363,-7.11942,-0.00000, 0.00000,-13.94138, 0.00000, 0.71572, 0.00000,-5.08706, 0.67229,696.09187,2198.52571,19000.00000, 0.00000,-0.00000,-0.00000,
28.10000,-1669.89015,-0.00158,-1006.21272, 0.00001,-674.81654, 0.00001,751.26388,-7.11217,-0.00000, 0.00000,-13.91922, 0.00000, 0.71740, 0.00000,-5.04049, 0.67037,690.64958,2193.79204,19000.00000, 0.00000,-0.00000,-0.00000,
28.20000,-1623.29290,-0.00158,-947.42848, 0.00001,-676.20741, 0.00000,749.03776,-7.10493,-0.00000, 0.00000,-13.89834, 0.00000, 0.71901, 0.00000,-4.99541, 0.66853,685.39700,2189.16882,19000.00000, 0.00000,-0.00000,-0.00000,
28.30000,-1575.41638,-0.00157,-889.96599, 0.00001,-677.59625, 0.00000,746.88586,-7.09770,-0.00000, 0.00000,-13.87871, 0.00000, 0.72057, 0.00000,-4.95183, 0.66674,680.33311,2184.65714,19000.00000, 0.00000,-0.00000,-0.00000,
28.40000,-1526.29427,-0.00157,-833.84528, 0.00001,-678.98319, 0.00000,744.80878,-7.09049,-0.00000, 0.00000,-13.86031, 0.00000, 0.72207, 0.00000,-4.90974, 0.66501,675.45687,2180.25804,19000.00000, 0.00000,-0.00000,-0.00000,
28.50000,-1475.96017,-0.00156,-779.08568, 0.00001,-680.36835, 0.00000,742.80705,-7.08333,-0.00000, 0.00000,-13.84313, 0.00000, 0.72351, 0.00000,-4.86914, 0.66335,670.76722,2175.97252,19000.00000, 0.00000,-0.00000,-0.00000,
28.60000,-1424.44753,-0.00156,-725.70581, 0.00001,-681.75186, 0.00000,740.88119,-7.07622,-0.00000, 0.00000,-13.82714, 0.00000, 0.72489, 0.00000,-4.83002, 0.66176,666.26312,2171.80150,19000.00000, 0.00000,-0.00000,-0.00000,
28.70000,-1371.78968,-0.00155,-673.72366, 0.00001,-683.13382, 0.00000,739.03168,-7.06917,-0.00000, 0.00000,-13.81232, 0.00000, 0.72622, 0.00000,-4.79239, 0.66023,661.94349,2167.74589,19000.00000, 0.00000,-0.00000,-0.00000,
28.80000,-1318.01982,-0.00155,-623.15661, 0.00001,-684.51436, 0.00000,737.25897,-7.06220,-0.00000, 0.00000,-13.79865, 0.00000, 0.72749, 0.00000,-4.75623, 0.65876,657.80729,2163.80655,19000.00000, 0.00000,-0.00000,-0.00000,
28.90000,-1263.17105,-0.00154,-574.02142, 0.00001,-685.89359, 0.00000,735.56348,-7.05532,-0.00000, 0.00000,-13.78611, 0.00000, 0.72871, 0.00000,-4.72155, 0.65736,653.85345,2159.98427,19000.00000, 0.00000,-0.00000,-0.00000,
29.00000,-1207.27632,-0.00154,-526.33427, 0.00001,-687.27162, 0.00000,733.94561,-7.04855,-0.00000, 0.00000,-13.77466, 0.00000, 0.72987, 0.00000,-4.68834, 0.65602,650.08091,2156.27984,19000.00000, 0.00000,-0.00000,-0.00000,
29.10000,-1150.36850,-0.00153,-480.11082, 0.00001,-688.64855, 0.00000,732.40569,-7.04188,-0.00000, 0.00000,-13.76430, 0.00000, 0.73098, 0.00000,-4.65661, 0.65475,646.48863,2152.69400,19000.00000, 0.00000,-0.00000,-0.00000,
29.20000,-1092.48032,-0.00153,-435.36616, 0.00001,-690.02451, 0.00000,730.94406,-7.03534,-0.00000, 0.00000,-13.75499, 0.00000, 0.73203, 0.00000,-4.62633, 0.65355,643.07556,2149.22746,19000.00000, 0.00000,-0.00000,-0.00000,
29.30000,-1033.64442,-0.00153,-392.11490, 0.00001,-691.39959, 0.00000,729.56101,-7.02894,-0.00000, 0.00000,-13.74671, 0.00000, 0.73302, 0.00000,-4.59752, 0.65241,639.84068,2145.88089,19000.00000, 0.00000,-0.00000,-0.00000,
29.40000,-973.89336,-0.00152,-350.37116, 0.00001,-692.77389, 0.00000,728.25679,-7.02269,-0.00000, 0.00000,-13.73943, 0.00000, 0.73396, 0.00000,-4.57016, 0.65134,636.78297,2142.65494,19000.00000, 0.00000,-0.00000,-0.00000,
29.50000,-913.25960,-0.00152,-310.14858, 0.00001,-694.14751, 0.00000,727.03162,-7.01660,-0.00000, 0.00000,-13.73313, 0.00000, 0.73485, 0.00000,-4.54426, 0.65033,633.90144,2139.55025,19000.00000, 0.00000,-0.00000,-0.00000,
29.60000,-851.77552,-0.00151,-271.46035, 0.00001,-695.52054, 0.00000,725.88571,-7.01068,-0.00000, 0.00000,-13.72778, 0.00000, 0.73568, 0.00000,-4.51980, 0.64940,631.19509,2136.56741,19000.00000, 0.00000,-0.00000,-0.00000,
29.70000,-789.47344,-0.00151,-234.31923, 0.00001,-696.89309, 0.00000,724.81920,-7.00493,-0.00000, 0.00000,-13.72335, 0.00000, 0.73646, 0.00000,-4.49679, 0.64853,628.66296,2133.70701,19000.00000, 0.00000,-0.00000,-0.00000,
29.80000,-726.38563,-0.00151,-198.73755, 0.00001,-698.26524, 0.00000,723.83222,-6.99938,-0.00000, 0.00000,-13.71982, 0.00000, 0.73719, 0.00000,-4.47521, 0.64772,626.30411,2130.96959,19000.00000, 0.00000,-0.00000,-0.00000,
29.90000,-662.54429,-0.00150,-164.72724, 0.00001,-699.63709, 0.00000,722.92487,-6.99403,-0.00000, 0.00000,-13.71717, 0.00000, 0.73787, 0.00000,-4.45507, 0.64699,624.11760,2128.35571,19000.00000, 0.00000,-0.00000,-0.00000,
30.00000,-597.98163,-0.00150,-132.29983, 0.00001,-701.00870, 0.00000,722.09719,-6.98889,-0.00000, 0.00000,-13.71535, 0.00000, 0.73849, 0.00000,-4.43636, 0.64632,622.10253,2125.86590,19000.00000, 0.00000,-0.00000,-0.00000,
