
time,npos,epos,alt,phi,theta,psi,vel,alpha,beta,p,q,r,nx,ny,nz,mach,qbar,ps,

 0.00000, 0.00000, 0.00000,20000.00000, 0.00000,17.00392, 0.00000,300.00000,17.00392, 0.00000, 0.00000, 0.00000, 0.00000, 0.29244,-0.00000, 0.95628, 0.28979,57.12293,971.01236,4193.77859,-4.60886,-0.00000,-0.00000,
 0.10000,30.00000,-0.00000,20000.00000, 0.00000,17.00392, 0.00000,300.00000,17.00392,-0.00000, 0.00000,-0.00000, 0.00000, 0.29244,-0.00000, 0.95628, 0.28979,57.12293,971.01236,4193.77859,-4.60886,-0.00000,-0.00000,
 0.20000,60.00000,-0.00000,20000.00000, 0.00000,17.00392, 0.00000,300.00000,17.00392, 0.00000, 0.00000,-0.00000, 0.00000, 0.29244,-0.00000, 0.95628, 0.28979,57.12293,971.01236,4193.77859,-4.60886,-0.00000,-0.00000,
 0.30000,90.00000,-0.00000,20000.00000, 0.00000,17.00392, 0.00000,300.00000,17.00392, 0.00000, 0.00000,-0.00000, 0.00000, 0.29244,-0.00000, 0.95628, 0.28979,57.12293,971.01236,4193.77859,-4.60886,-0.00000,-0.00000,
 0.40000,120.00000,-0.00000,20000.00000, 0.00000,17.00392, 0.00000,300.00000,17.00392, 0.00000, 0.00000,-0.00000, 0.00000, 0.29244,-0.00000, 0.95628, 0.28979,57.12293,971.01236,4193.77859,-4.60886,-0.00000,-0.00000,
 0.50000,150.00000,-0.00000,20000.00000, 0.00000,17.00392, 0.00000,300.00000,17.00392, 0.00000, 0.00000,-0.00000, 0.00000, 0.29244,-0.00000, 0.95628, 0.28979,57.12293,971.01236,4193.77859,-4.60886,-0.00000,-0.00000,
 0.60000,180.00000,-0.00000,20000.00000, 0.00000,17.00392, 0.00000,300.00000,17.00392, 0.00000, 0.00000,-0.00000, 0.00000, 0.29244,-0.00000, 0.95628, 0.28979,57.12293,971.01236,4193.77859,-4.60886,-0.00000,-0.00000,
 0.70000,210.00000, 0.00000,20000.00000, 0.00000,17.00392, 0.00000,300.00000,17.00392, 0.00000, 0.00000,-0.00000, 0.00000, 0.29244,-0.00000, 0.95628, 0.28979,57.12293,971.01236,4193.77859,-4.60886,-0.00000,-0.00000,
 0.80000,240.00000, 0.00000,20000.00000, 0.00000,17.00392, 0.00000,300.00000,17.00392, 0.00000, 0.00000,-0.00000, 0.00000, 0.29244,-0.00000, 0.95628, 0.28979,57.12293,971.01236,4193.77859,-4.60886,-0.00000,-0.00000,
 0.90000,270.00000, 0.00000,20000.00000, 0.00000,17.00392, 0.00000,300.00000,17.00392, 0.00000, 0.00000,-0.00000, 0.00000, 0.29244,-0.00000, 0.95628, 0.28979,57.12293,971.01236,4193.77859,-4.60886,-0.00000,-0.00000,
 1.00000,300.00000, 0.00000,20000.00000, 0.00000,17.00392, 0.00000,300.00000,17.00392, 0.00000, 0.00000,-0.00000, 0.00000, 0.29244,-0.00000, 0.95628, 0.28979,57.12293,971.01236,4193.77859,-4.60886,-0.00000,-0.00000,
 1.10000,330.00000, 0.00000,20000.00000, 0.00000,17.00392, 0.00000,300.00000,17.00392, 0.00000, 0.00000,-0.00000, 0.00000, 0.29244,-0.00000, 0.95628, 0.28979,57.12293,971.01236,4193.77859,-4.60886,-0.00000,-0.00000,
 1.20000,360.00000, 0.00000,20000.00000, 0.00000,17.00392, 0.00000,300.00000,17.00392, 0.00000, 0.00000,-0.00000, 0.00000, 0.29244,-0.00000, 0.95628, 0.28979,57.12293,971.01236,4193.77859,-4.60886,-0.00000,-0.00000,
 1.30000,390.00000, 0.00000,20000.00000, 0.00000,17.00392, 0.00000,300.00000,17.00392, 0.00000, 0.00000,-0.00000, 0.00000, 0.29244,-0.00000, 0.95628, 0.28979,57.12293,971.01236,4193.77859,-4.60886,-0.00000,-0.00000,
 1.40000,420.00000, 0.00000,20000.00000, 0.00000,17.00392, 0.00000,300.00000,17.00392, 0.00000, 0.00000,-0.00000, 0.00000, 0.29244,-0.00000, 0.95628, 0.28979,57.12293,971.01236,4193.77859,-4.60886,-0.00000,-0.00000,
 1.50000,450.00000, 0.00000,20000.00000, 0.00000,17.00392, 0.00000,300.00000,17.00392, 0.00000, 0.00000,-0.00000, 0.00000, 0.29244,-0.00000, 0.95628, 0.28979,57.12293,971.01236,4193.77859,-4.60886,-0.00000,-0.00000,
 1.60000,480.00000, 0.00000,20000.00000, 0.00000,17.00392, 0.00000,300.00000,17.00392, 0.00000, 0.00000,-0.00000, 0.00000, 0.29244,-0.00000, 0.95628, 0.28979,57.12293,971.01236,4193.77859,-4.60886,-0.00000,-0.00000,
 1.70000,510.00000, 0.00000,20000.00000, 0.00000,17.00392, 0.00000,300.00000,17.00392, 0.00000, 0.00000,-0.00000, 0.00000, 0.29244,-0.00000, 0.95628, 0.28979,57.12293,971.01236,4193.77859,-4.60886,-0.00000,-0.00000,
 1.80000,540.00000, 0.00000,20000.00000, 0.00000,17.00392, 0.00000,300.00000,17.00392, 0.00000, 0.00000,-0.00000, 0.00000, 0.29244,-0.00000, 0.95628, 0.28979,57.12293,971.01236,4193.77859,-4.60886,-0.00000,-0.00000,
 1.90000,570.00000, 0.00000,20000.00000, 0.00000,17.00392, 0.00000,300.00000,17.00392, 0.00000, 0.00000,-0.00000, 0.00000, 0.29244,-0.00000, 0.95628, 0.28979,57.12293,971.01236,4193.77859,-4.60886,-0.00000,-0.00000,
 2.00000,600.00000, 0.00000,20000.00000, 0.00000,17.00392, 0.00000,300.00000,17.00392, 0.00000, 0.00000,-0.00000, 0.00000, 0.29244,-0.00000, 0.95628, 0.28979,57.12293,971.01236,4193.77859,-4.60886,-0.00000,-0.00000,
 2.10000,630.00000, 0.00000,20000.00000, 0.00000,17.00392, 0.00000,300.00000,17.00392, 0.00000, 0.00000,-0.00000, 0.00000, 0.29244,-0.00000, 0.95628, 0.28979,57.12293,971.01236,4193.77859,-4.60886,-0.00000,-0.00000,
 2.20000,660.00000, 0.00000,20000.00000, 0.00000,17.00392, 0.00000,300.00000,17.00392, 0.00000, 0.00000,-0.00000, 0.00000, 0.29244,-0.00000, 0.95628, 0.28979,57.12293,971.01236,4193.77859,-4.60886,-0.00000,-0.00000,
 2.30000,690.00000, 0.00000,20000.00000, 0.00000,17.00392, 0.00000,300.00000,17.00392, 0.00000, 0.00000,-0.00000, 0.00000, 0.29244,-0.00000, 0.95628, 0.28979,57.12293,971.01236,4193.77859,-4.60886,-0.00000,-0.00000,
 2.40000,720.00000, 0.00000,20000.00000, 0.00000,17.00392, 0.00000,300.00000,17.00392, 0.00000, 0.00000,-0.00000, 0.00000, 0.29244,-0.00000, 0.95628, 0.28979,57.12293,971.01236,4193.77859,-4.60886,-0.00000,-0.00000,
 2.50000,750.00000, 0.00000,20000.00000, 0.00000,17.00392, 0.00000,300.00000,17.00392, 0.00000, 0.00000,-0.00000, 0.00000, 0.29244,-0.00000, 0.95628, 0.28979,57.12293,971.01236,4193.77859,-4.60886,-0.00000,-0.00000,
 2.60000,780.00000, 0.00000,20000.00000, 0.00000,17.00392, 0.00000,300.00000,17.00392, 0.00000, 0.00000,-0.00000, 0.00000, 0.29244,-0.00000, 0.95628, 0.28979,57.12293,971.01236,4193.77859,-4.60886,-0.00000,-0.00000,
 2.70000,810.00000, 0.00000,20000.00000, 0.00000,17.00392, 0.00000,300.00000,17.00392, 0.00000, 0.00000,-0.00000, 0.00000, 0.29244,-0.00000, 0.95628, 0.28979,57.12293,971.01236,4193.77859,-4.60886,-0.00000,-0.00000,
 2.80000,840.00000, 0.00000,20000.00000, 0.00000,17.00392, 0.00000,300.00000,17.00392, 0.00000, 0.00000,-0.00000, 0.00000, 0.29244,-0.00000, 0.95628, 0.28979,57.12293,971.01236,4193.77859,-4.60886,-0.00000,-0.00000,
 2.90000,870.00000, 0.00000,20000.00000, 0.00000,17.00392, 0.00000,300.00000,17.00392, 0.00000, 0.00000,-0.00000, 0.00000, 0.29244,-0.00000, 0.95628, 0.28979,57.12293,971.01236,4193.77859,-4.60886,-0.00000,-0.00000,
 3.00000,900.00000, 0.00000,20000.00000, 0.00000,17.00392, 0.00000,300.00000,17.00392, 0.00000, 0.00000,-0.00000, 0.00000, 0.29244,-0.00000, 0.95628, 0.28979,57.12293,971.01236,4193.77859,-4.60886,-0.00000,-0.00000,
 3.10000,930.00000, 0.00000,20000.00000, 0.00000,17.00392, 0.00000,300.00000,17.00392, 0.00000, 0.00000,-0.00000, 0.00000, 0.29244,-0.00000, 0.95628, 0.28979,57.12293,971.01236,4193.77859,-4.60886,-0.00000,-0.00000,
 3.20000,960.00000, 0.00000,20000.00000, 0.00000,17.00392, 0.00000,300.00000,17.00392, 0.00000, 0.00000,-0.00000, 0.00000, 0.29244,-0.00000, 0.95628, 0.28979,57.12293,971.01236,4193.77859,-4.60886,-0.00000,-0.00000,
 3.30000,990.00000, 0.00000,20000.00000, 0.00000,17.00392, 0.00000,300.00000,17.00392, 0.00000, 0.00000,-0.00000, 0.00000, 0.29244,-0.00000, 0.95628, 0.28979,57.12293,971.01236,4193.77859,-4.60886,-0.00000,-0.00000,
 3.40000,1020.00000, 0.00000,20000.00000, 0.00000,17.00392, 0.00000,300.00000,17.00392, 0.00000, 0.00000,-0.00000, 0.00000, 0.29244,-0.00000, 0.95628, 0.28979,57.12293,971.01236,4193.77859,-4.60886,-0.00000,-0.00000,
 3.50000,1050.00000, 0.00000,20000.00000, 0.00000,17.00392, 0.00000,300.00000,17.00392, 0.00000, 0.00000,-0.00000, 0.00000, 0.29244,-0.00000, 0.95628, 0.28979,57.12293,971.01236,4193.77859,-4.60886,-0.00000,-0.00000,
 3.60000,1080.00000, 0.00000,20000.00000, 0.00000,17.00392, 0.00000,300.00000,17.00392, 0.00000, 0.00000,-0.00000, 0.00000, 0.29244,-0.00000, 0.95628, 0.28979,57.12293,971.01236,4193.77859,-4.60886,-0.00000,-0.00000,
 3.70000,1110.00000, 0.00000,20000.00000, 0.00000,17.00392, 0.00000,300.00000,17.00392, 0.00000, 0.00000,-0.00000, 0.00000, 0.29244,-0.00000, 0.95628, 0.28979,57.12293,971.01236,4193.77859,-4.60886,-0.00000,-0.00000,
 3.80000,1140.00000, 0.00000,20000.00000, 0.00000,17.00392, 0.00000,300.00000,17.00392, 0.00000, 0.00000,-0.00000, 0.00000, 0.29244,-0.00000, 0.95628, 0.28979,57.12293,971.01236,4193.77859,-4.60886,-0.00000,-0.00000,
 3.90000,1170.00000, 0.00000,20000.00000, 0.00000,17.00392, 0.00000,300.00000,17.00392, 0.00000, 0.00000,-0.00000, 0.00000, 0.29244,-0.00000, 0.95628, 0.28979,57.12293,971.01236,4193.77859,-4.60886,-0.00000,-0.00000,
 4.00000,1200.00000, 0.00000,20000.00000, 0.00000,17.00392, 0.00000,300.00000,17.00392, 0.00000, 0.00000,-0.00000, 0.00000, 0.29244,-0.00000, 0.95628, 0.28979,57.12293,971.01236,4193.77859,-4.60886,-0.00000,-0.00000,
 4.10000,1230.00000, 0.00000,20000.00000, 0.00000,17.00392, 0.00000,300.00000,17.00392, 0.00000, 0.00000,-0.00000, 0.00000, 0.29244,-0.00000, 0.95628, 0.28979,57.12293,971.01236,4193.77859,-4.60886,-0.00000,-0.00000,
 4.20000,1260.00000, 0.00000,20000.00000, 0.00000,17.00392, 0.00000,300.00000,17.00392, 0.00000, 0.00000,-0.00000, 0.00000, 0.29244,-0.00000, 0.95628, 0.28979,57.12293,971.01236,4193.77859,-4.60886,-0.00000,-0.00000,
 4.30000,1290.00000, 0.00000,20000.00000, 0.00000,17.00392, 0.00000,300.00000,17.00392, 0.00000, 0.00000,-0.00000, 0.00000, 0.29244,-0.00000, 0.95628, 0.28979,57.12293,971.01236,4193.77859,-4.60886,-0.00000,-0.00000,
 4.40000,1320.00000, 0.00000,20000.00000, 0.00000,17.00392, 0.00000,300.00000,17.00392, 0.00000, 0.00000,-0.00000, 0.00000, 0.29244,-0.00000, 0.95628, 0.28979,57.12293,971.01236,4193.77859,-4.60886,-0.00000,-0.00000,
 4.50000,1350.00000, 0.00000,20000.00000, 0.00000,17.00392, 0.00000,300.00000,17.00392, 0.00000, 0.00000,-0.00000, 0.00000, 0.29244,-0.00000, 0.95628, 0.28979,57.12293,971.01236,4193.77859,-4.60886,-0.00000,-0.00000,
 4.60000,1380.00000, 0.00000,20000.00000, 0.00000,17.00392, 0.00000,300.00000,17.00392, 0.00000, 0.00000,-0.00000, 0.00000, 0.29244,-0.00000, 0.95628, 0.28979,57.12293,971.01236,4193.77859,-4.60886,-0.00000,-0.00000,
 4.70000,1410.00000, 0.00000,20000.00000, 0.00000,17.00392, 0.00000,300.00000,17.00392, 0.00000, 0.00000,-0.00000, 0.00000, 0.29244,-0.00000, 0.95628, 0.28979,57.12293,971.01236,4193.77859,-4.60886,-0.00000,-0.00000,
 4.80000,1440.00000, 0.00000,20000.00000, 0.00000,17.00392, 0.00000,300.00000,17.00392, 0.00000, 0.00000,-0.00000, 0.00000, 0.29244,-0.00000, 0.95628, 0.28979,57.12293,971.01236,4193.77859,-4.60886,-0.00000,-0.00000,
 4.90000,1470.00000, 0.00000,20000.00000, 0.00000,17.00392, 0.00000,300.00000,17.00392, 0.00000, 0.00000,-0.00000, 0.00000, 0.29244,-0.00000, 0.95628, 0.28979,57.12293,971.01236,4193.77859,-4.60886,-0.00000,-0.00000,
 5.00000,1500.00000, 0.00000,20000.00000, 0.00000,17.00392, 0.00000,300.00000,17.00392, 0.00000, 0.00000,-0.00000, 0.00000, 0.29244,-0.00000, 0.95628, 0.28979,57.12293,971.01236,4193.77859,-4.60886,-0.00000,-0.00000,
 5.10000,1530.00000, 0.00000,20000.00000, 0.00000,17.00392, 0.00000,300.00000,17.00392, 0.00000, 0.00000,-0.00000, 0.00000, 0.29244,-0.00000, 0.95628, 0.28979,57.12293,971.01236,4193.77859,-4.60886,-0.00000,-0.00000,
 5.20000,1560.00000, 0.00000,20000.00000, 0.00000,17.00392, 0.00000,300.00000,17.00392, 0.00000, 0.00000,-0.00000, 0.00000, 0.29244,-0.00000, 0.95628, 0.28979,57.12293,971.01236,4193.77859,-4.60886,-0.00000,-0.00000,
 5.30000,1590.00000, 0.00000,20000.00000, 0.00000,17.00392, 0.00000,300.00000,17.00392, 0.00000, 0.00000,-0.00000, 0.00000, 0.29244,-0.00000, 0.95628, 0.28979,57.12293,971.01236,4193.77859,-4.60886,-0.00000,-0.00000,
 5.40000,1620.00000, 0.00000,20000.00000, 0.00000,17.00392, 0.00000,300.00000,17.00392, 0.00000, 0.00000,-0.00000, 0.00000, 0.29244,-0.00000, 0.95628, 0.28979,57.12293,971.01236,4193.77859,-4.60886,-0.00000,-0.00000,
 5.50000,1650.00000, 0.00000,20000.00000, 0.00000,17.00392, 0.00000,300.00000,17.00392, 0.00000, 0.00000,-0.00000, 0.00000, 0.29244,-0.00000, 0.95628, 0.28979,57.12293,971.01236,4193.77859,-4.60886,-0.00000,-0.00000,
 5.60000,1680.00000, 0.00000,20000.00000, 0.00000,17.00392, 0.00000,300.00000,17.00392, 0.00000, 0.00000,-0.00000, 0.00000, 0.29244,-0.00000, 0.95628, 0.28979,57.12293,971.01236,4193.77859,-4.60886,-0.00000,-0.00000,
 5.70000,1710.00000, 0.00000,20000.00000, 0.00000,17.00392, 0.00000,300.00000,17.00392, 0.00000, 0.00000,-0.00000, 0.00000, 0.29244,-0.00000, 0.95628, 0.28979,57.12293,971.01236,4193.77859,-4.60886,-0.00000,-0.00000,
 5.80000,1740.00000, 0.00000,20000.00000, 0.00000,17.00392, 0.00000,300.00000,17.00392, 0.00000, 0.00000,-0.00000, 0.00000, 0.29244,-0.00000, 0.95628, 0.28979,57.12293,971.01236,4193.77859,-4.60886,-0.00000,-0.00000,
 5.90000,1770.00000, 0.00000,20000.00000, 0.00000,17.00392, 0.00000,300.00000,17.00392, 0.00000, 0.00000,-0.00000, 0.00000, 0.29244,-0.00000, 0.95628, 0.28979,57.12293,971.01236,4193.77859,-4.60886,-0.00000,-0.00000,
 6.00000,1800.00000, 0.00000,20000.00000, 0.00000,17.00392, 0.00000,300.00000,17.00392, 0.00000, 0.00000,-0.00000, 0.00000, 0.29244,-0.00000, 0.95628, 0.28979,57.12293,971.01236,4193.77859,-4.60886,-0.00000,-0.00000,
 6.10000,1830.00000, 0.00000,20000.00000, 0.00000,17.00392, 0.00000,300.00000,17.00392, 0.00000, 0.00000,-0.00000, 0.00000, 0.29244,-0.00000, 0.95628, 0.28979,57.12293,971.01236,4193.77859,-4.60886,-0.00000,-0.00000,
 6.20000,1860.00000, 0.00000,20000.00000, 0.00000,17.00392, 0.00000,300.00000,17.00392, 0.00000, 0.00000,-0.00000, 0.00000, 0.29244,-0.00000, 0.95628, 0.28979,57.12293,971.01236,4193.77859,-4.60886,-0.00000,-0.00000,
 6.30000,1890.00000, 0.00000,20000.00000, 0.00000,17.00392, 0.00000,300.00000,17.00392, 0.00000, 0.00000,-0.00000, 0.00000, 0.29244,-0.00000, 0.95628, 0.28979,57.12293,971.01236,4193.77859,-4.60886,-0.00000,-0.00000,
 6.40000,1920.00000, 0.00000,20000.00000, 0.00000,17.00392, 0.00000,300.00000,17.00392, 0.00000, 0.00000,-0.00000, 0.00000, 0.29244,-0.00000, 0.95628, 0.28979,57.12293,971.01236,4193.77859,-4.60886,-0.00000,-0.00000,
 6.50000,1950.00000, 0.00000,20000.00000, 0.00000,17.00392, 0.00000,300.00000,17.00392, 0.00000, 0.00000,-0.00000, 0.00000, 0.29244,-0.00000, 0.95628, 0.28979,57.12293,971.01236,4193.77859,-4.60886,-0.00000,-0.00000,
 6.60000,1980.00000, 0.00000,20000.00000, 0.00000,17.00392, 0.00000,300.00000,17.00392, 0.00000, 0.00000,-0.00000, 0.00000, 0.29244,-0.00000, 0.95628, 0.28979,57.12293,971.01236,4193.77859,-4.60886,-0.00000,-0.00000,
 6.70000,2010.00000, 0.00000,20000.00000, 0.00000,17.00392, 0.00000,300.00000,17.00392, 0.00000, 0.00000,-0.00000, 0.00000, 0.29244,-0.00000, 0.95628, 0.28979,57.12293,971.01236,4193.77859,-4.60886,-0.00000,-0.00000,
 6.80000,2040.00000, 0.00000,20000.00000, 0.00000,17.00392, 0.00000,300.00000,17.00392, 0.00000, 0.00000,-0.00000, 0.00000, 0.29244,-0.00000, 0.95628, 0.28979,57.12293,971.01236,4193.77859,-4.60886,-0.00000,-0.00000,
 6.90000,2070.00000, 0.00000,20000.00000, 0.00000,17.00392, 0.00000,300.00000,17.00392, 0.00000, 0.00000,-0.00000, 0.00000, 0.29244,-0.00000, 0.95628, 0.28979,57.12293,971.01236,4193.77859,-4.60886,-0.00000,-0.00000,
 7.00000,2100.00000, 0.00000,20000.00000, 0.00000,17.00392, 0.00000,300.00000,17.00392, 0.00000, 0.00000,-0.00000, 0.00000, 0.29244,-0.00000, 0.95628, 0.28979,57.12293,971.01236,4193.77859,-4.60886,-0.00000,-0.00000,
 7.10000,2130.00000, 0.00000,20000.00000, 0.00000,17.00392, 0.00000,300.00000,17.00392, 0.00000, 0.00000,-0.00000, 0.00000, 0.29244,-0.00000, 0.95628, 0.28979,57.12293,971.01236,4193.77859,-4.60886,-0.00000,-0.00000,
 7.20000,2160.00000, 0.00000,20000.00000, 0.00000,17.00392, 0.00000,300.00000,17.00392, 0.00000, 0.00000,-0.00000, 0.00000, 0.29244,-0.00000, 0.95628, 0.28979,57.12293,971.01236,4193.77859,-4.60886,-0.00000,-0.00000,
 7.30000,2190.00000, 0.00000,20000.00000, 0.00000,17.00392, 0.00000,300.00000,17.00392, 0.00000, 0.00000,-0.00000, 0.00000, 0.29244,-0.00000, 0.95628, 0.28979,57.12293,971.01236,4193.77859,-4.60886,-0.00000,-0.00000,
 7.40000,2220.00000, 0.00000,20000.00000, 0.00000,17.00392, 0.00000,300.00000,17.00392, 0.00000, 0.00000,-0.00000, 0.00000, 0.29244,-0.00000, 0.95628, 0.28979,57.12293,971.01236,4193.77859,-4.60886,-0.00000,-0.00000,
 7.50000,2250.00000, 0.00000,20000.00000, 0.00000,17.00392, 0.00000,300.00000,17.00392, 0.00000, 0.00000,-0.00000, 0.00000, 0.29244,-0.00000, 0.95628, 0.28979,57.12293,971.01236,4193.77859,-4.60886,-0.00000,-0.00000,
 7.60000,2280.00000, 0.00000,20000.00000, 0.00000,17.00392, 0.00000,300.00000,17.00392, 0.00000, 0.00000,-0.00000, 0.00000, 0.29244,-0.00000, 0.95628, 0.28979,57.12293,971.01236,4193.77859,-4.60886,-0.00000,-0.00000,
 7.70000,2310.00000, 0.00000,20000.00000, 0.00000,17.00392, 0.00000,300.00000,17.00392, 0.00000, 0.00000,-0.00000, 0.00000, 0.29244,-0.00000, 0.95628, 0.28979,57.12293,971.01236,4193.77859,-4.60886,-0.00000,-0.00000,
 7.80000,2340.00000, 0.00000,20000.00000, 0.00000,17.00392, 0.00000,300.00000,17.00392, 0.00000, 0.00000,-0.00000, 0.00000, 0.29244,-0.00000, 0.95628, 0.28979,57.12293,971.01236,4193.77859,-4.60886,-0.00000,-0.00000,
 7.90000,2370.00000, 0.00000,20000.00000, 0.00000,17.00392, 0.00000,300.00000,17.00392, 0.00000, 0.00000,-0.00000, 0.00000, 0.29244,-0.00000, 0.95628, 0.28979,57.12293,971.01236,4193.77859,-4.60886,-0.00000,-0.00000,
 8.00000,2400.00000, 0.00000,20000.00000, 0.00000,17.00392, 0.00000,300.00000,17.00392, 0.00000, 0.00000,-0.00000, 0.00000, 0.29244,-0.00000, 0.95628, 0.28979,57.12293,971.01236,4193.77859,-4.60886,-0.00000,-0.00000,
 8.10000,2430.00000, 0.00000,20000.00000, 0.00000,17.00392, 0.00000,300.00000,17.00392, 0.00000, 0.00000,-0.00000, 0.00000, 0.29244,-0.00000, 0.95628, 0.28979,57.12293,971.01236,4193.77859,-4.60886,-0.00000,-0.00000,
 8.20000,2460.00000, 0.00000,20000.00000, 0.00000,17.00392, 0.00000,300.00000,17.00392, 0.00000, 0.00000,-0.00000, 0.00000, 0.29244,-0.00000, 0.95628, 0.28979,57.12293,971.01236,4193.77859,-4.60886,-0.00000,-0.00000,
 8.30000,2490.00000, 0.00000,20000.00000, 0.00000,17.00392, 0.00000,300.00000,17.00392, 0.00000, 0.00000,-0.00000, 0.00000, 0.29244,-0.00000, 0.95628, 0.28979,57.12293,971.01236,4193.77859,-4.60886,-0.00000,-0.00000,
 8.40000,2520.00000, 0.00000,20000.00000, 0.00000,17.00392, 0.00000,300.00000,17.00392, 0.00000, 0.00000,-0.00000, 0.00000, 0.29244,-0.00000, 0.95628, 0.28979,57.12293,971.01236,4193.77859,-4.60886,-0.00000,-0.00000,
 8.50000,2550.00000, 0.00000,20000.00000, 0.00000,17.00392, 0.00000,300.00000,17.00392, 0.00000, 0.00000,-0.00000, 0.00000, 0.29244,-0.00000, 0.95628, 0.28979,57.12293,971.01236,4193.77859,-4.60886,-0.00000,-0.00000,
 8.60000,2580.00000, 0.00000,20000.00000, 0.00000,17.00392, 0.00000,300.00000,17.00392, 0.00000, 0.00000,-0.00000, 0.00000, 0.29244,-0.00000, 0.95628, 0.28979,57.12293,971.01236,4193.77859,-4.60886,-0.00000,-0.00000,
 8.70000,2610.00000, 0.00000,20000.00000, 0.00000,17.00392, 0.00000,300.00000,17.00392, 0.00000, 0.00000,-0.00000, 0.00000, 0.29244,-0.00000, 0.95628, 0.28979,57.12293,971.01236,4193.77859,-4.60886,-0.00000,-0.00000,
 8.80000,2640.00000, 0.00000,20000.00000, 0.00000,17.00392, 0.00000,300.00000,17.00392, 0.00000, 0.00000,-0.00000, 0.00000, 0.29244,-0.00000, 0.95628, 0.28979,57.12293,971.01236,4193.77859,-4.60886,-0.00000,-0.00000,
 8.90000,2670.00000, 0.00000,20000.00000, 0.00000,17.00392, 0.00000,300.00000,17.00392, 0.00000, 0.00000,-0.00000, 0.00000, 0.29244,-0.00000, 0.95628, 0.28979,57.12293,971.01236,4193.77859,-4.60886,-0.00000,-0.00000,
 9.00000,2700.00000, 0.00000,20000.00000, 0.00000,17.00392, 0.00000,300.00000,17.00392, 0.00000, 0.00000,-0.00000, 0.00000, 0.29244,-0.00000, 0.95628, 0.28979,57.12293,971.01236,4193.77859,-4.60886,-0.00000,-0.00000,
 9.10000,2730.00000, 0.00000,20000.00000, 0.00000,17.00392, 0.00000,300.00000,17.00392, 0.00000, 0.00000,-0.00000, 0.00000, 0.29244,-0.00000, 0.95628, 0.28979,57.12293,971.01236,4193.77859,-4.60886,-0.00000,-0.00000,
 9.20000,2760.00000, 0.00000,20000.00000, 0.00000,17.00392, 0.00000,300.00000,17.00392, 0.00000, 0.00000,-0.00000, 0.00000, 0.29244,-0.00000, 0.95628, 0.28979,57.12293,971.01236,4193.77859,-4.60886,-0.00000,-0.00000,
 9.30000,2790.00000, 0.00000,20000.00000, 0.00000,17.00392, 0.00000,300.00000,17.00392, 0.00000, 0.00000,-0.00000, 0.00000, 0.29244,-0.00000, 0.95628, 0.28979,57.12293,971.01236,4193.77859,-4.60886,-0.00000,-0.00000,
 9.40000,2820.00000, 0.00000,20000.00000, 0.00000,17.00392, 0.00000,300.00000,17.00392, 0.00000, 0.00000,-0.00000, 0.00000, 0.29244,-0.00000, 0.95628, 0.28979,57.12293,971.01236,4193.77859,-4.60886,-0.00000,-0.00000,
 9.50000,2850.00000, 0.00000,20000.00000, 0.00000,17.00392, 0.00000,300.00000,17.00392, 0.00000, 0.00000,-0.00000, 0.00000, 0.29244,-0.00000, 0.95628, 0.28979,57.12293,971.01236,4193.77859,-4.60886,-0.00000,-0.00000,
 9.60000,2880.00000, 0.00000,20000.00000, 0.00000,17.00392, 0.00000,300.00000,17.00392, 0.00000, 0.00000,-0.00000, 0.00000, 0.29244,-0.00000, 0.95628, 0.28979,57.12293,971.01236,4193.77859,-4.60886,-0.00000,-0.00000,
 9.70000,2910.00000, 0.00000,20000.00000, 0.00000,17.00392, 0.00000,300.00000,17.00392, 0.00000, 0.00000,-0.00000, 0.00000, 0.29244,-0.00000, 0.95628, 0.28979,57.12293,971.01236,4193.77859,-4.60886,-0.00000,-0.00000,
 9.80000,2940.00000, 0.00000,20000.00000, 0.00000,17.00392, 0.00000,300.00000,17.00392, 0.00000, 0.00000,-0.00000, 0.00000, 0.29244,-0.00000, 0.95628, 0.28979,57.12293,971.01236,4193.77859,-4.60886,-0.00000,-0.00000,
 9.90000,2970.00000, 0.00000,20000.00000, 0.00000,17.00392, 0.00000,300.00000,17.00392, 0.00000, 0.00000,-0.00000, 0.00000, 0.29244,-0.00000, 0.95628, 0.28979,57.12293,971.01236,4193.77859,-4.60886,-0.00000,-0.00000,
10.00000,3000.00000, 0.00000,20000.00000, 0.00000,17.00392, 0.00000,300.00000,17.00392, 0.00000, 0.00000,-0.00000, 0.00000, 0.29244,-0.00000, 0.95628, 0.28979,57.12293,971.01236,4193.77859,-4.60886,-0.00000,-0.00000,
10.10000,3030.00000, 0.00000,20000.00000, 0.00000,17.00392, 0.00000,300.00000,17.00392, 0.00000, 0.00000,-0.00000, 0.00000, 0.29244,-0.00000, 0.95628, 0.28979,57.12293,971.01236,4193.77859,-4.60886,-0.00000,-0.00000,
10.20000,3060.00000, 0.00000,20000.00000, 0.00000,17.00392, 0.00000,300.00000,17.00392, 0.00000, 0.00000,-0.00000, 0.00000, 0.29244,-0.00000, 0.95628, 0.28979,57.12293,971.01236,4193.77859,-4.60886,-0.00000,-0.00000,
10.30000,3090.00000, 0.00000,20000.00000, 0.00000,17.00392, 0.00000,300.00000,17.00392, 0.00000, 0.00000,-0.00000, 0.00000, 0.29244,-0.00000, 0.95628, 0.28979,57.12293,971.01236,4193.77859,-4.60886,-0.00000,-0.00000,
10.40000,3120.00000, 0.00000,20000.00000, 0.00000,17.00392, 0.00000,300.00000,17.00392, 0.00000, 0.00000,-0.00000, 0.00000, 0.29244,-0.00000, 0.95628, 0.28979,57.12293,971.01236,4193.77859,-4.60886,-0.00000,-0.00000,
10.50000,3150.00000, 0.00000,20000.00000, 0.00000,17.00392, 0.00000,300.00000,17.00392, 0.00000, 0.00000,-0.00000, 0.00000, 0.29244,-0.00000, 0.95628, 0.28979,57.12293,971.01236,4193.77859,-4.60886,-0.00000,-0.00000,
10.60000,3180.00000, 0.00000,20000.00000, 0.00000,17.00392, 0.00000,300.00000,17.00392, 0.00000, 0.00000,-0.00000, 0.00000, 0.29244,-0.00000, 0.95628, 0.28979,57.12293,971.01236,4193.77859,-4.60886,-0.00000,-0.00000,
10.70000,3210.00000, 0.00000,20000.00000, 0.00000,17.00392, 0.00000,300.00000,17.00392, 0.00000, 0.00000,-0.00000, 0.00000, 0.29244,-0.00000, 0.95628, 0.28979,57.12293,971.01236,4193.77859,-4.60886,-0.00000,-0.00000,
10.80000,3240.00000, 0.00000,20000.00000, 0.00000,17.00392, 0.00000,300.00000,17.00392, 0.00000, 0.00000,-0.00000, 0.00000, 0.29244,-0.00000, 0.95628, 0.28979,57.12293,971.01236,4193.77859,-4.60886,-0.00000,-0.00000,
10.90000,3270.00000, 0.00000,20000.00000, 0.00000,17.00392, 0.00000,300.00000,17.00392, 0.00000, 0.00000,-0.00000, 0.00000, 0.29244,-0.00000, 0.95628, 0.28979,57.12293,971.01236,4193.77859,-4.60886,-0.00000,-0.00000,
11.00000,3300.00000, 0.00000,20000.00000, 0.00000,17.00392, 0.00000,300.00000,17.00392, 0.00000, 0.00000,-0.00000, 0.00000, 0.29244,-0.00000, 0.95628, 0.28979,57.12293,971.01236,4193.77859,-4.60886,-0.00000,-0.00000,
11.10000,3330.00000, 0.00000,20000.00000, 0.00000,17.00392, 0.00000,300.00000,17.00392, 0.00000, 0.00000,-0.00000, 0.00000, 0.29244,-0.00000, 0.95628, 0.28979,57.12293,971.01236,4193.77859,-4.60886,-0.00000,-0.00000,
11.20000,3360.00000, 0.00000,20000.00000, 0.00000,17.00392, 0.00000,300.00000,17.00392, 0.00000, 0.00000,-0.00000, 0.00000, 0.29244,-0.00000, 0.95628, 0.28979,57.12293,971.01236,4193.77859,-4.60886,-0.00000,-0.00000,
11.30000,3390.00000, 0.00000,20000.00000, 0.00000,17.00392, 0.00000,300.00000,17.00392, 0.00000, 0.00000,-0.00000, 0.00000, 0.29244,-0.00000, 0.95628, 0.28979,57.12293,971.01236,4193.77859,-4.60886,-0.00000,-0.00000,
11.40000,3420.00000, 0.00000,20000.00000, 0.00000,17.00392, 0.00000,300.00000,17.00392, 0.00000, 0.00000,-0.00000, 0.00000, 0.29244,-0.00000, 0.95628, 0.28979,57.12293,971.01236,4193.77859,-4.60886,-0.00000,-0.00000,
11.50000,3450.00000, 0.00000,20000.00000, 0.00000,17.00392, 0.00000,300.00000,17.00392, 0.00000, 0.00000,-0.00000, 0.00000, 0.29244,-0.00000, 0.95628, 0.28979,57.12293,971.01236,4193.77859,-4.60886,-0.00000,-0.00000,
11.60000,3480.00000, 0.00000,20000.00000, 0.00000,17.00392, 0.00000,300.00000,17.00392, 0.00000, 0.00000,-0.00000, 0.00000, 0.29244,-0.00000, 0.95628, 0.28979,57.12293,971.01236,4193.77859,-4.60886,-0.00000,-0.00000,
11.70000,3510.00000, 0.00000,20000.00000, 0.00000,17.00392, 0.00000,300.00000,17.00392, 0.00000, 0.00000,-0.00000, 0.00000, 0.29244,-0.00000, 0.95628, 0.28979,57.12293,971.01236,4193.77859,-4.60886,-0.00000,-0.00000,
11.80000,3540.00000, 0.00000,20000.00000, 0.00000,17.00392, 0.00000,300.00000,17.00392, 0.00000, 0.00000,-0.00000, 0.00000, 0.29244,-0.00000, 0.95628, 0.28979,57.12293,971.01236,4193.77859,-4.60886,-0.00000,-0.00000,
11.90000,3570.00000, 0.00000,20000.00000, 0.00000,17.00392, 0.00000,300.00000,17.00392, 0.00000, 0.00000,-0.00000, 0.00000, 0.29244,-0.00000, 0.95628, 0.28979,57.12293,971.01236,4193.77859,-4.60886,-0.00000,-0.00000,
12.00000,3600.00000, 0.00000,20000.00000, 0.00000,17.00392, 0.00000,300.00000,17.00392, 0.00000, 0.00000,-0.00000, 0.00000, 0.29244,-0.00000, 0.95628, 0.28979,57.12293,971.01236,4193.77859,-4.60886,-0.00000,-0.00000,
12.10000,3630.00000, 0.00000,20000.00000, 0.00000,17.00392, 0.00000,300.00000,17.00392, 0.00000, 0.00000,-0.00000, 0.00000, 0.29244,-0.00000, 0.95628, 0.28979,57.12293,971.01236,4193.77859,-4.60886,-0.00000,-0.00000,
12.20000,3660.00000, 0.00000,20000.00000, 0.00000,17.00392, 0.00000,300.00000,17.00392, 0.00000, 0.00000,-0.00000, 0.00000, 0.29244,-0.00000, 0.95628, 0.28979,57.12293,971.01236,4193.77859,-4.60886,-0.00000,-0.00000,
12.30000,3690.00000, 0.00000,20000.00000, 0.00000,17.00392, 0.00000,300.00000,17.00392, 0.00000, 0.00000,-0.00000, 0.00000, 0.29244,-0.00000, 0.95628, 0.28979,57.12293,971.01236,4193.77859,-4.60886,-0.00000,-0.00000,
12.40000,3720.00000, 0.00000,20000.00000, 0.00000,17.00392, 0.00000,300.00000,17.00392, 0.00000, 0.00000,-0.00000, 0.00000, 0.29244,-0.00000, 0.95628, 0.28979,57.12293,971.01236,4193.77859,-4.60886,-0.00000,-0.00000,
12.50000,3750.00000, 0.00000,20000.00000, 0.00000,17.00392, 0.00000,300.00000,17.00392, 0.00000, 0.00000,-0.00000, 0.00000, 0.29244,-0.00000, 0.95628, 0.28979,57.12293,971.01236,4193.77859,-4.60886,-0.00000,-0.00000,
12.60000,3780.00000, 0.00000,20000.00000, 0.00000,17.00392, 0.00000,300.00000,17.00392, 0.00000, 0.00000,-0.00000, 0.00000, 0.29244,-0.00000, 0.95628, 0.28979,57.12293,971.01236,4193.77859,-4.60886,-0.00000,-0.00000,
12.70000,3810.00000, 0.00000,20000.00000, 0.00000,17.00392, 0.00000,300.00000,17.00392, 0.00000, 0.00000,-0.00000, 0.00000, 0.29244,-0.00000, 0.95628, 0.28979,57.12293,971.01236,4193.77859,-4.60886,-0.00000,-0.00000,
12.80000,3840.00000, 0.00000,20000.00000, 0.00000,17.00392, 0.00000,300.00000,17.00392, 0.00000, 0.00000,-0.00000, 0.00000, 0.29244,-0.00000, 0.95628, 0.28979,57.12293,971.01236,4193.77859,-4.60886,-0.00000,-0.00000,
12.90000,3870.00000, 0.00000,20000.00000, 0.00000,17.00392, 0.00000,300.00000,17.00392, 0.00000, 0.00000,-0.00000, 0.00000, 0.29244,-0.00000, 0.95628, 0.28979,57.12293,971.01236,4193.77859,-4.60886,-0.00000,-0.00000,
13.00000,3900.00000, 0.00000,20000.00000, 0.00000,17.00392, 0.00000,300.00000,17.00392, 0.00000, 0.00000,-0.00000, 0.00000, 0.29244,-0.00000, 0.95628, 0.28979,57.12293,971.01236,4193.77859,-4.60886,-0.00000,-0.00000,
13.10000,3930.00000, 0.00000,20000.00000, 0.00000,17.00392, 0.00000,300.00000,17.00392, 0.00000, 0.00000,-0.00000, 0.00000, 0.29244,-0.00000, 0.95628, 0.28979,57.12293,971.01236,4193.77859,-4.60886,-0.00000,-0.00000,
13.20000,3960.00000, 0.00000,20000.00000, 0.00000,17.00392, 0.00000,300.00000,17.00392, 0.00000, 0.00000,-0.00000, 0.00000, 0.29244,-0.00000, 0.95628, 0.28979,57.12293,971.01236,4193.77859,-4.60886,-0.00000,-0.00000,
13.30000,3990.00000, 0.00000,20000.00000, 0.00000,17.00392, 0.00000,300.00000,17.00392, 0.00000, 0.00000,-0.00000, 0.00000, 0.29244,-0.00000, 0.95628, 0.28979,57.12293,971.01236,4193.77859,-4.60886,-0.00000,-0.00000,
13.40000,4020.00000, 0.00000,20000.00000, 0.00000,17.00392, 0.00000,300.00000,17.00392, 0.00000, 0.00000,-0.00000, 0.00000, 0.29244,-0.00000, 0.95628, 0.28979,57.12293,971.01236,4193.77859,-4.60886,-0.00000,-0.00000,
13.50000,4050.00000, 0.00000,20000.00000, 0.00000,17.00392, 0.00000,300.00000,17.00392, 0.00000, 0.00000,-0.00000, 0.00000, 0.29244,-0.00000, 0.95628, 0.28979,57.12293,971.01236,4193.77859,-4.60886,-0.00000,-0.00000,
13.60000,4080.00000, 0.00000,20000.00000, 0.00000,17.00392, 0.00000,300.00000,17.00392, 0.00000, 0.00000,-0.00000, 0.00000, 0.29244,-0.00000, 0.95628, 0.28979,57.12293,971.01236,4193.77859,-4.60886,-0.00000,-0.00000,
13.70000,4110.00000, 0.00000,20000.00000, 0.00000,17.00392, 0.00000,300.00000,17.00392, 0.00000, 0.00000,-0.00000, 0.00000, 0.29244,-0.00000, 0.95628, 0.28979,57.12293,971.01236,4193.77859,-4.60886,-0.00000,-0.00000,
13.80000,4140.00000, 0.00000,20000.00000, 0.00000,17.00392, 0.00000,300.00000,17.00392, 0.00000, 0.00000,-0.00000, 0.00000, 0.29244,-0.00000, 0.95628, 0.28979,57.12293,971.01236,4193.77859,-4.60886,-0.00000,-0.00000,
13.90000,4170.00000, 0.00000,20000.00000, 0.00000,17.00392, 0.00000,300.00000,17.00392, 0.00000, 0.00000,-0.00000, 0.00000, 0.29244,-0.00000, 0.95628, 0.28979,57.12293,971.01236,4193.77859,-4.60886,-0.00000,-0.00000,
14.00000,4200.00000, 0.00000,20000.00000, 0.00000,17.00392, 0.00000,300.00000,17.00392, 0.00000, 0.00000,-0.00000, 0.00000, 0.29244,-0.00000, 0.95628, 0.28979,57.12293,971.01236,4193.77859,-4.60886,-0.00000,-0.00000,
14.10000,4230.00000, 0.00000,20000.00000, 0.00000,17.00392, 0.00000,300.00000,17.00392, 0.00000, 0.00000,-0.00000, 0.00000, 0.29244,-0.00000, 0.95628, 0.28979,57.12293,971.01236,4193.77859,-4.60886,-0.00000,-0.00000,
14.20000,4260.00000, 0.00000,20000.00000, 0.00000,17.00392, 0.00000,300.00000,17.00392, 0.00000, 0.00000,-0.00000, 0.00000, 0.29244,-0.00000, 0.95628, 0.28979,57.12293,971.01236,4193.77859,-4.60886,-0.00000,-0.00000,
14.30000,4290.00000, 0.00000,20000.00000, 0.00000,17.00392, 0.00000,300.00000,17.00392, 0.00000, 0.00000,-0.00000, 0.00000, 0.29244,-0.00000, 0.95628, 0.28979,57.12293,971.01236,4193.77859,-4.60886,-0.00000,-0.00000,
14.40000,4320.00000, 0.00000,20000.00000, 0.00000,17.00392, 0.00000,300.00000,17.00392, 0.00000, 0.00000,-0.00000, 0.00000, 0.29244,-0.00000, 0.95628, 0.28979,57.12293,971.01236,4193.77859,-4.60886,-0.00000,-0.00000,
14.50000,4350.00000, 0.00000,20000.00000, 0.00000,17.00392, 0.00000,300.00000,17.00392, 0.00000, 0.00000,-0.00000, 0.00000, 0.29244,-0.00000, 0.95628, 0.28979,57.12293,971.01236,4193.77859,-4.60886,-0.00000,-0.00000,
14.60000,4380.00000, 0.00000,20000.00000, 0.00000,17.00392, 0.00000,300.00000,17.00392, 0.00000, 0.00000,-0.00000, 0.00000, 0.29244,-0.00000, 0.95628, 0.28979,57.12293,971.01236,4193.77859,-4.60886,-0.00000,-0.00000,
14.70000,4410.00000, 0.00000,20000.00000, 0.00000,17.00392, 0.00000,300.00000,17.00392, 0.00000, 0.00000,-0.00000, 0.00000, 0.29244,-0.00000, 0.95628, 0.28979,57.12293,971.01236,4193.77859,-4.60886,-0.00000,-0.00000,
14.80000,4440.00000, 0.00000,20000.00000, 0.00000,17.00392, 0.00000,300.00000,17.00392, 0.00000, 0.00000,-0.00000, 0.00000, 0.29244,-0.00000, 0.95628, 0.28979,57.12293,971.01236,4193.77859,-4.60886,-0.00000,-0.00000,
14.90000,4470.00000, 0.00000,20000.00000, 0.00000,17.00392, 0.00000,300.00000,17.00392, 0.00000, 0.00000,-0.00000, 0.00000, 0.29244,-0.00000, 0.95628, 0.28979,57.12293,971.01236,4193.77859,-4.60886,-0.00000,-0.00000,
15.00000,4500.00000, 0.00000,20000.00000, 0.00000,17.00392, 0.00000,300.00000,17.00392, 0.00000, 0.00000,-0.00000, 0.00000, 0.29244,-0.00000, 0.95628, 0.28979,57.12293,971.01236,4193.77859,-4.60886,-0.00000,-0.00000,
15.10000,4530.00000, 0.00000,20000.00000, 0.00000,17.00392, 0.00000,300.00000,17.00392, 0.00000, 0.00000,-0.00000, 0.00000, 0.29244,-0.00000, 0.95628, 0.28979,57.12293,971.01236,4193.77859,-4.60886,-0.00000,-0.00000,
15.20000,4560.00000, 0.00000,20000.00000, 0.00000,17.00392, 0.00000,300.00000,17.00392, 0.00000, 0.00000,-0.00000, 0.00000, 0.29244,-0.00000, 0.95628, 0.28979,57.12293,971.01236,4193.77859,-4.60886,-0.00000,-0.00000,
15.30000,4590.00000, 0.00000,20000.00000, 0.00000,17.00392, 0.00000,300.00000,17.00392, 0.00000, 0.00000,-0.00000, 0.00000, 0.29244,-0.00000, 0.95628, 0.28979,57.12293,971.01236,4193.77859,-4.60886,-0.00000,-0.00000,
15.40000,4620.00000, 0.00000,20000.00000, 0.00000,17.00392, 0.00000,300.00000,17.00392, 0.00000, 0.00000,-0.00000, 0.00000, 0.29244,-0.00000, 0.95628, 0.28979,57.12293,971.01236,4193.77859,-4.60886,-0.00000,-0.00000,
15.50000,4650.00000, 0.00000,20000.00000, 0.00000,17.00392, 0.00000,300.00000,17.00392, 0.00000, 0.00000,-0.00000, 0.00000, 0.29244,-0.00000, 0.95628, 0.28979,57.12293,971.01236,4193.77859,-4.60886,-0.00000,-0.00000,
15.60000,4680.00000, 0.00000,20000.00000, 0.00000,17.00392, 0.00000,300.00000,17.00392, 0.00000, 0.00000,-0.00000, 0.00000, 0.29244,-0.00000, 0.95628, 0.28979,57.12293,971.01236,4193.77859,-4.60886,-0.00000,-0.00000,
15.70000,4710.00000, 0.00000,20000.00000, 0.00000,17.00392, 0.00000,300.00000,17.00392, 0.00000, 0.00000,-0.00000, 0.00000, 0.29244,-0.00000, 0.95628, 0.28979,57.12293,971.01236,4193.77859,-4.60886,-0.00000,-0.00000,
15.80000,4740.00000, 0.00000,20000.00000, 0.00000,17.00392, 0.00000,300.00000,17.00392, 0.00000, 0.00000,-0.00000, 0.00000, 0.29244,-0.00000, 0.95628, 0.28979,57.12293,971.01236,4193.77859,-4.60886,-0.00000,-0.00000,
15.90000,4770.00000, 0.00000,20000.00000, 0.00000,17.00392, 0.00000,300.00000,17.00392, 0.00000, 0.00000,-0.00000, 0.00000, 0.29244,-0.00000, 0.95628, 0.28979,57.12293,971.01236,4193.77859,-4.60886,-0.00000,-0.00000,
16.00000,4800.00000, 0.00000,20000.00000, 0.00000,17.00392, 0.00000,300.00000,17.00392, 0.00000, 0.00000,-0.00000, 0.00000, 0.29244,-0.00000, 0.95628, 0.28979,57.12293,971.01236,4193.77859,-4.60886,-0.00000,-0.00000,
16.10000,4830.00000, 0.00000,20000.00000, 0.00000,17.00392, 0.00000,300.00000,17.00392, 0.00000, 0.00000,-0.00000, 0.00000, 0.29244,-0.00000, 0.95628, 0.28979,57.12293,971.01236,4193.77859,-4.60886,-0.00000,-0.00000,
16.20000,4860.00000, 0.00000,20000.00000, 0.00000,17.00392, 0.00000,300.00000,17.00392, 0.00000, 0.00000,-0.00000, 0.00000, 0.29244,-0.00000, 0.95628, 0.28979,57.12293,971.01236,4193.77859,-4.60886,-0.00000,-0.00000,
16.30000,4890.00000, 0.00000,20000.00000, 0.00000,17.00392, 0.00000,300.00000,17.00392, 0.00000, 0.00000,-0.00000, 0.00000, 0.29244,-0.00000, 0.95628, 0.28979,57.12293,971.01236,4193.77859,-4.60886,-0.00000,-0.00000,
16.40000,4920.00000, 0.00000,20000.00000, 0.00000,17.00392, 0.00000,300.00000,17.00392, 0.00000, 0.00000,-0.00000, 0.00000, 0.29244,-0.00000, 0.95628, 0.28979,57.12293,971.01236,4193.77859,-4.60886,-0.00000,-0.00000,
16.50000,4950.00000, 0.00000,20000.00000, 0.00000,17.00392, 0.00000,300.00000,17.00392, 0.00000, 0.00000,-0.00000, 0.00000, 0.29244,-0.00000, 0.95628, 0.28979,57.12293,971.01236,4193.77859,-4.60886,-0.00000,-0.00000,
16.60000,4980.00000, 0.00000,20000.00000, 0.00000,17.00392, 0.00000,300.00000,17.00392, 0.00000, 0.00000,-0.00000, 0.00000, 0.29244,-0.00000, 0.95628, 0.28979,57.12293,971.01236,4193.77859,-4.60886,-0.00000,-0.00000,
16.70000,5010.00000, 0.00000,20000.00000, 0.00000,17.00392, 0.00000,300.00000,17.00392, 0.00000, 0.00000,-0.00000, 0.00000, 0.29244,-0.00000, 0.95628, 0.28979,57.12293,971.01236,4193.77859,-4.60886,-0.00000,-0.00000,
16.80000,5040.00000, 0.00000,20000.00000, 0.00000,17.00392, 0.00000,300.00000,17.00392, 0.00000, 0.00000,-0.00000, 0.00000, 0.29244,-0.00000, 0.95628, 0.28979,57.12293,971.01236,4193.77859,-4.60886,-0.00000,-0.00000,
16.90000,5070.00000, 0.00000,20000.00000, 0.00000,17.00392, 0.00000,300.00000,17.00392, 0.00000, 0.00000,-0.00000, 0.00000, 0.29244,-0.00000, 0.95628, 0.28979,57.12293,971.01236,4193.77859,-4.60886,-0.00000,-0.00000,
17.00000,5100.00000, 0.00000,20000.00000, 0.00000,17.00392, 0.00000,300.00000,17.00392, 0.00000, 0.00000,-0.00000, 0.00000, 0.29244,-0.00000, 0.95628, 0.28979,57.12293,971.01236,4193.77859,-4.60886,-0.00000,-0.00000,
17.10000,5130.00000, 0.00000,20000.00000, 0.00000,17.00392, 0.00000,300.00000,17.00392, 0.00000, 0.00000,-0.00000, 0.00000, 0.29244,-0.00000, 0.95628, 0.28979,57.12293,971.01236,4193.77859,-4.60886,-0.00000,-0.00000,
17.20000,5160.00000, 0.00000,20000.00000, 0.00000,17.00392, 0.00000,300.00000,17.00392, 0.00000, 0.00000,-0.00000, 0.00000, 0.29244,-0.00000, 0.95628, 0.28979,57.12293,971.01236,4193.77859,-4.60886,-0.00000,-0.00000,
17.30000,5190.00000, 0.00000,20000.00000, 0.00000,17.00392, 0.00000,300.00000,17.00392, 0.00000, 0.00000,-0.00000, 0.00000, 0.29244,-0.00000, 0.95628, 0.28979,57.12293,971.01236,4193.77859,-4.60886,-0.00000,-0.00000,
17.40000,5220.00000, 0.00000,20000.00000, 0.00000,17.00392, 0.00000,300.00000,17.00392, 0.00000, 0.00000,-0.00000, 0.00000, 0.29244,-0.00000, 0.95628, 0.28979,57.12293,971.01236,4193.77859,-4.60886,-0.00000,-0.00000,
17.50000,5250.00000, 0.00000,20000.00000, 0.00000,17.00392, 0.00000,300.00000,17.00392, 0.00000, 0.00000,-0.00000, 0.00000, 0.29244,-0.00000, 0.95628, 0.28979,57.12293,971.01236,4193.77859,-4.60886,-0.00000,-0.00000,
17.60000,5280.00000, 0.00000,20000.00000, 0.00000,17.00392, 0.00000,300.00000,17.00392, 0.00000, 0.00000,-0.00000, 0.00000, 0.29244,-0.00000, 0.95628, 0.28979,57.12293,971.01236,4193.77859,-4.60886,-0.00000,-0.00000,
17.70000,5310.00000, 0.00000,20000.00000, 0.00000,17.00392, 0.00000,300.00000,17.00392, 0.00000, 0.00000,-0.00000, 0.00000, 0.29244,-0.00000, 0.95628, 0.28979,57.12293,971.01236,4193.77859,-4.60886,-0.00000,-0.00000,
17.80000,5340.00000, 0.00000,20000.00000, 0.00000,17.00392, 0.00000,300.00000,17.00392, 0.00000, 0.00000,-0.00000, 0.00000, 0.29244,-0.00000, 0.95628, 0.28979,57.12293,971.01236,4193.77859,-4.60886,-0.00000,-0.00000,
17.90000,5370.00000, 0.00000,20000.00000, 0.00000,17.00392, 0.00000,300.00000,17.00392, 0.00000, 0.00000,-0.00000, 0.00000, 0.29244,-0.00000, 0.95628, 0.28979,57.12293,971.01236,4193.77859,-4.60886,-0.00000,-0.00000,
18.00000,5400.00000, 0.00000,20000.00000, 0.00000,17.00392, 0.00000,300.00000,17.00392, 0.00000, 0.00000,-0.00000, 0.00000, 0.29244,-0.00000, 0.95628, 0.28979,57.12293,971.01236,4193.77859,-4.60886,-0.00000,-0.00000,
18.10000,5430.00000, 0.00000,20000.00000, 0.00000,17.00392, 0.00000,300.00000,17.00392, 0.00000, 0.00000,-0.00000, 0.00000, 0.29244,-0.00000, 0.95628, 0.28979,57.12293,971.01236,4193.77859,-4.60886,-0.00000,-0.00000,
18.20000,5460.00000, 0.00000,20000.00000, 0.00000,17.00392, 0.00000,300.00000,17.00392, 0.00000, 0.00000,-0.00000, 0.00000, 0.29244,-0.00000, 0.95628, 0.28979,57.12293,971.01236,4193.77859,-4.60886,-0.00000,-0.00000,
18.30000,5490.00000, 0.00000,20000.00000, 0.00000,17.00392, 0.00000,300.00000,17.00392, 0.00000, 0.00000,-0.00000, 0.00000, 0.29244,-0.00000, 0.95628, 0.28979,57.12293,971.01236,4193.77859,-4.60886,-0.00000,-0.00000,
18.40000,5520.00000, 0.00000,20000.00000, 0.00000,17.00392, 0.00000,300.00000,17.00392, 0.00000, 0.00000,-0.00000, 0.00000, 0.29244,-0.00000, 0.95628, 0.28979,57.12293,971.01236,4193.77859,-4.60886,-0.00000,-0.00000,
18.50000,5550.00000, 0.00000,20000.00000, 0.00000,17.00392, 0.00000,300.00000,17.00392, 0.00000, 0.00000,-0.00000, 0.00000, 0.29244,-0.00000, 0.95628, 0.28979,57.12293,971.01236,4193.77859,-4.60886,-0.00000,-0.00000,
18.60000,5580.00000, 0.00000,20000.00000, 0.00000,17.00392, 0.00000,300.00000,17.00392, 0.00000, 0.00000,-0.00000, 0.00000, 0.29244,-0.00000, 0.95628, 0.28979,57.12293,971.01236,4193.77859,-4.60886,-0.00000,-0.00000,
18.70000,5610.00000, 0.00000,20000.00000, 0.00000,17.00392, 0.00000,300.00000,17.00392, 0.00000, 0.00000,-0.00000, 0.00000, 0.29244,-0.00000, 0.95628, 0.28979,57.12293,971.01236,4193.77859,-4.60886,-0.00000,-0.00000,
18.80000,5640.00000, 0.00000,20000.00000, 0.00000,17.00392, 0.00000,300.00000,17.00392, 0.00000, 0.00000,-0.00000, 0.00000, 0.29244,-0.00000, 0.95628, 0.28979,57.12293,971.01236,4193.77859,-4.60886,-0.00000,-0.00000,
18.90000,5670.00000, 0.00000,20000.00000, 0.00000,17.00392, 0.00000,300.00000,17.00392, 0.00000, 0.00000,-0.00000, 0.00000, 0.29244,-0.00000, 0.95628, 0.28979,57.12293,971.01236,4193.77859,-4.60886,-0.00000,-0.00000,
19.00000,5700.00000, 0.00000,20000.00000, 0.00000,17.00392, 0.00000,300.00000,17.00392, 0.00000, 0.00000,-0.00000, 0.00000, 0.29244,-0.00000, 0.95628, 0.28979,57.12293,971.01236,4193.77859,-4.60886,-0.00000,-0.00000,
19.10000,5730.00000, 0.00000,20000.00000, 0.00000,17.00392, 0.00000,300.00000,17.00392, 0.00000, 0.00000,-0.00000, 0.00000, 0.29244,-0.00000, 0.95628, 0.28979,57.12293,971.01236,4193.77859,-4.60886,-0.00000,-0.00000,
19.20000,5760.00000, 0.00000,20000.00000, 0.00000,17.00392, 0.00000,300.00000,17.00392, 0.00000, 0.00000,-0.00000, 0.00000, 0.29244,-0.00000, 0.95628, 0.28979,57.12293,971.01236,4193.77859,-4.60886,-0.00000,-0.00000,
19.30000,5790.00000, 0.00000,20000.00000, 0.00000,17.00392, 0.00000,300.00000,17.00392, 0.00000, 0.00000,-0.00000, 0.00000, 0.29244,-0.00000, 0.95628, 0.28979,57.12293,971.01236,4193.77859,-4.60886,-0.00000,-0.00000,
19.40000,5820.00000, 0.00000,20000.00000, 0.00000,17.00392, 0.00000,300.00000,17.00392, 0.00000, 0.00000,-0.00000, 0.00000, 0.29244,-0.00000, 0.95628, 0.28979,57.12293,971.01236,4193.77859,-4.60886,-0.00000,-0.00000,
19.50000,5850.00000, 0.00000,20000.00000, 0.00000,17.00392, 0.00000,300.00000,17.00392, 0.00000, 0.00000,-0.00000, 0.00000, 0.29244,-0.00000, 0.95628, 0.28979,57.12293,971.01236,4193.77859,-4.60886,-0.00000,-0.00000,
19.60000,5880.00000, 0.00000,20000.00000, 0.00000,17.00392, 0.00000,300.00000,17.00392, 0.00000, 0.00000,-0.00000, 0.00000, 0.29244,-0.00000, 0.95628, 0.28979,57.12293,971.01236,4193.77859,-4.60886,-0.00000,-0.00000,
19.70000,5910.00000, 0.00000,20000.00000, 0.00000,17.00392, 0.00000,300.00000,17.00392, 0.00000, 0.00000,-0.00000, 0.00000, 0.29244,-0.00000, 0.95628, 0.28979,57.12293,971.01236,4193.77859,-4.60886,-0.00000,-0.00000,
19.80000,5940.00000, 0.00000,20000.00000, 0.00000,17.00392, 0.00000,300.00000,17.00392, 0.00000, 0.00000,-0.00000, 0.00000, 0.29244,-0.00000, 0.95628, 0.28979,57.12293,971.01236,4193.77859,-4.60886,-0.00000,-0.00000,
19.90000,5970.00000, 0.00000,20000.00000, 0.00000,17.00392, 0.00000,300.00000,17.00392, 0.00000, 0.00000,-0.00000, 0.00000, 0.29244,-0.00000, 0.95628, 0.28979,57.12293,971.01236,4193.77859,-4.60886,-0.00000,-0.00000,
20.00000,6000.00000, 0.00000,20000.00000, 0.00000,17.00392, 0.00000,300.00000,17.00392, 0.00000, 0.00000,-0.00000, 0.00000, 0.29244,-0.00000, 0.95628, 0.28979,57.12293,971.01236,4193.77859,-4.60886,-0.00000,-0.00000,
20.10000,6030.00000, 0.00000,20000.00000, 0.00000,17.00392, 0.00000,300.00000,17.00392, 0.00000, 0.00000,-0.00000, 0.00000, 0.29244,-0.00000, 0.95628, 0.28979,57.12293,971.01236,4193.77859,-4.60886,-0.00000,-0.00000,
20.20000,6060.00000, 0.00000,20000.00000, 0.00000,17.00392, 0.00000,300.00000,17.00392, 0.00000, 0.00000,-0.00000, 0.00000, 0.29244,-0.00000, 0.95628, 0.28979,57.12293,971.01236,4193.77859,-4.60886,-0.00000,-0.00000,
20.30000,6090.00000, 0.00000,20000.00000, 0.00000,17.00392, 0.00000,300.00000,17.00392, 0.00000, 0.00000,-0.00000, 0.00000, 0.29244,-0.00000, 0.95628, 0.28979,57.12293,971.01236,4193.77859,-4.60886,-0.00000,-0.00000,
20.40000,6120.00000, 0.00000,20000.00000, 0.00000,17.00392, 0.00000,300.00000,17.00392, 0.00000, 0.00000,-0.00000, 0.00000, 0.29244,-0.00000, 0.95628, 0.28979,57.12293,971.01236,4193.77859,-4.60886,-0.00000,-0.00000,
20.50000,6150.00000, 0.00000,20000.00000, 0.00000,17.00392, 0.00000,300.00000,17.00392, 0.00000, 0.00000,-0.00000, 0.00000, 0.29244,-0.00000, 0.95628, 0.28979,57.12293,971.01236,4193.77859,-4.60886,-0.00000,-0.00000,
20.60000,6180.00000, 0.00000,20000.00000, 0.00000,17.00392, 0.00000,300.00000,17.00392, 0.00000, 0.00000,-0.00000, 0.00000, 0.29244,-0.00000, 0.95628, 0.28979,57.12293,971.01236,4193.77859,-4.60886,-0.00000,-0.00000,
20.70000,6210.00000, 0.00000,20000.00000, 0.00000,17.00392, 0.00000,300.00000,17.00392, 0.00000, 0.00000,-0.00000, 0.00000, 0.29244,-0.00000, 0.95628, 0.28979,57.12293,971.01236,4193.77859,-4.60886,-0.00000,-0.00000,
20.80000,6240.00000, 0.00000,20000.00000, 0.00000,17.00392, 0.00000,300.00000,17.00392, 0.00000, 0.00000,-0.00000, 0.00000, 0.29244,-0.00000, 0.95628, 0.28979,57.12293,971.01236,4193.77859,-4.60886,-0.00000,-0.00000,
20.90000,6270.00000, 0.00000,20000.00000, 0.00000,17.00392, 0.00000,300.00000,17.00392, 0.00000, 0.00000,-0.00000, 0.00000, 0.29244,-0.00000, 0.95628, 0.28979,57.12293,971.01236,4193.77859,-4.60886,-0.00000,-0.00000,
21.00000,6300.00000, 0.00000,20000.00000, 0.00000,17.00392, 0.00000,300.00000,17.00392, 0.00000, 0.00000,-0.00000, 0.00000, 0.29244,-0.00000, 0.95628, 0.28979,57.12293,971.01236,4193.77859,-4.60886,-0.00000,-0.00000,
21.10000,6330.00000, 0.00000,20000.00000, 0.00000,17.00392, 0.00000,300.00000,17.00392, 0.00000, 0.00000,-0.00000, 0.00000, 0.29244,-0.00000, 0.95628, 0.28979,57.12293,971.01236,4193.77859,-4.60886,-0.00000,-0.00000,
21.20000,6360.00000, 0.00000,20000.00000, 0.00000,17.00392, 0.00000,300.00000,17.00392, 0.00000, 0.00000,-0.00000, 0.00000, 0.29244,-0.00000, 0.95628, 0.28979,57.12293,971.01236,4193.77859,-4.60886,-0.00000,-0.00000,
21.30000,6390.00000, 0.00000,20000.00000, 0.00000,17.00392, 0.00000,300.00000,17.00392, 0.00000, 0.00000,-0.00000, 0.00000, 0.29244,-0.00000, 0.95628, 0.28979,57.12293,971.01236,4193.77859,-4.60886,-0.00000,-0.00000,
21.40000,6420.00000, 0.00000,20000.00000, 0.00000,17.00392, 0.00000,300.00000,17.00392, 0.00000, 0.00000,-0.00000, 0.00000, 0.29244,-0.00000, 0.95628, 0.28979,57.12293,971.01236,4193.77859,-4.60886,-0.00000,-0.00000,
21.50000,6450.00000, 0.00000,20000.00000, 0.00000,17.00392, 0.00000,300.00000,17.00392, 0.00000, 0.00000,-0.00000, 0.00000, 0.29244,-0.00000, 0.95628, 0.28979,57.12293,971.01236,4193.77859,-4.60886,-0.00000,-0.00000,
21.60000,6480.00000, 0.00000,20000.00000, 0.00000,17.00392, 0.00000,300.00000,17.00392, 0.00000, 0.00000,-0.00000, 0.00000, 0.29244,-0.00000, 0.95628, 0.28979,57.12293,971.01236,4193.77859,-4.60886,-0.00000,-0.00000,
21.70000,6510.00000, 0.00000,20000.00000, 0.00000,17.00392, 0.00000,300.00000,17.00392, 0.00000, 0.00000,-0.00000, 0.00000, 0.29244,-0.00000, 0.95628, 0.28979,57.12293,971.01236,4193.77859,-4.60886,-0.00000,-0.00000,
21.80000,6540.00000, 0.00000,20000.00000, 0.00000,17.00392, 0.00000,300.00000,17.00392, 0.00000, 0.00000,-0.00000, 0.00000, 0.29244,-0.00000, 0.95628, 0.28979,57.12293,971.01236,4193.77859,-4.60886,-0.00000,-0.00000,
21.90000,6570.00000, 0.00000,20000.00000, 0.00000,17.00392, 0.00000,300.00000,17.00392, 0.00000, 0.00000,-0.00000, 0.00000, 0.29244,-0.00000, 0.95628, 0.28979,57.12293,971.01236,4193.77859,-4.60886,-0.00000,-0.00000,
22.00000,6600.00000, 0.00000,20000.00000, 0.00000,17.00392, 0.00000,300.00000,17.00392, 0.00000, 0.00000,-0.00000, 0.00000, 0.29244,-0.00000, 0.95628, 0.28979,57.12293,971.01236,4193.77859,-4.60886,-0.00000,-0.00000,
22.10000,6630.00000, 0.00000,20000.00000, 0.00000,17.00392, 0.00000,300.00000,17.00392, 0.00000, 0.00000,-0.00000, 0.00000, 0.29244,-0.00000, 0.95628, 0.28979,57.12293,971.01236,4193.77859,-4.60886,-0.00000,-0.00000,
22.20000,6660.00000, 0.00000,20000.00000, 0.00000,17.00392, 0.00000,300.00000,17.00392, 0.00000, 0.00000,-0.00000, 0.00000, 0.29244,-0.00000, 0.95628, 0.28979,57.12293,971.01236,4193.77859,-4.60886,-0.00000,-0.00000,
22.30000,6690.00000, 0.00000,20000.00000, 0.00000,17.00392, 0.00000,300.00000,17.00392, 0.00000, 0.00000,-0.00000, 0.00000, 0.29244,-0.00000, 0.95628, 0.28979,57.12293,971.01236,4193.77859,-4.60886,-0.00000,-0.00000,
22.40000,6720.00000, 0.00000,20000.00000, 0.00000,17.00392, 0.00000,300.00000,17.00392, 0.00000, 0.00000,-0.00000, 0.00000, 0.29244,-0.00000, 0.95628, 0.28979,57.12293,971.01236,4193.77859,-4.60886,-0.00000,-0.00000,
22.50000,6750.00000, 0.00000,20000.00000, 0.00000,17.00392, 0.00000,300.00000,17.00392, 0.00000, 0.00000,-0.00000, 0.00000, 0.29244,-0.00000, 0.95628, 0.28979,57.12293,971.01236,4193.77859,-4.60886,-0.00000,-0.00000,
22.60000,6780.00000, 0.00000,20000.00000, 0.00000,17.00392, 0.00000,300.00000,17.00392, 0.00000, 0.00000,-0.00000, 0.00000, 0.29244,-0.00000, 0.95628, 0.28979,57.12293,971.01236,4193.77859,-4.60886,-0.00000,-0.00000,
22.70000,6810.00000, 0.00000,20000.00000, 0.00000,17.00392, 0.00000,300.00000,17.00392, 0.00000, 0.00000,-0.00000, 0.00000, 0.29244,-0.00000, 0.95628, 0.28979,57.12293,971.01236,4193.77859,-4.60886,-0.00000,-0.00000,
22.80000,6840.00000, 0.00000,20000.00000, 0.00000,17.00392, 0.00000,300.00000,17.00392, 0.00000, 0.00000,-0.00000, 0.00000, 0.29244,-0.00000, 0.95628, 0.28979,57.12293,971.01236,4193.77859,-4.60886,-0.00000,-0.00000,
22.90000,6870.00000, 0.00000,20000.00000, 0.00000,17.00392, 0.00000,300.00000,17.00392, 0.00000, 0.00000,-0.00000, 0.00000, 0.29244,-0.00000, 0.95628, 0.28979,57.12293,971.01236,4193.77859,-4.60886,-0.00000,-0.00000,
23.00000,6900.00000, 0.00000,20000.00000, 0.00000,17.00392, 0.00000,300.00000,17.00392, 0.00000, 0.00000,-0.00000, 0.00000, 0.29244,-0.00000, 0.95628, 0.28979,57.12293,971.01236,4193.77859,-4.60886,-0.00000,-0.00000,
23.10000,6930.00000, 0.00000,20000.00000, 0.00000,17.00392, 0.00000,300.00000,17.00392, 0.00000, 0.00000,-0.00000, 0.00000, 0.29244,-0.00000, 0.95628, 0.28979,57.12293,971.01236,4193.77859,-4.60886,-0.00000,-0.00000,
23.20000,6960.00000, 0.00000,20000.00000, 0.00000,17.00392, 0.00000,300.00000,17.00392, 0.00000, 0.00000,-0.00000, 0.00000, 0.29244,-0.00000, 0.95628, 0.28979,57.12293,971.01236,4193.77859,-4.60886,-0.00000,-0.00000,
23.30000,6990.00000, 0.00000,20000.00000, 0.00000,17.00392, 0.00000,300.00000,17.00392, 0.00000, 0.00000,-0.00000, 0.00000, 0.29244,-0.00000, 0.95628, 0.28979,57.12293,971.01236,4193.77859,-4.60886,-0.00000,-0.00000,
23.40000,7020.00000, 0.00000,20000.00000, 0.00000,17.00392, 0.00000,300.00000,17.00392, 0.00000,-0.00000,-0.00000, 0.00000, 0.29244,-0.00000, 0.95628, 0.28979,57.12293,971.01236,4193.77859,-4.60886,-0.00000,-0.00000,
23.50000,7050.00000, 0.00000,20000.00000, 0.00000,17.00392, 0.00000,300.00000,17.00392, 0.00000,-0.00000,-0.00000, 0.00000, 0.29244,-0.00000, 0.95628, 0.28979,57.12293,971.01236,4193.77859,-4.60886,-0.00000,-0.00000,
23.60000,7080.00000, 0.00000,20000.00000, 0.00000,17.00392, 0.00000,300.00000,17.00392, 0.00000,-0.00000,-0.00000, 0.00000, 0.29244,-0.00000, 0.95628, 0.28979,57.12293,971.01236,4193.77859,-4.60886,-0.00000,-0.00000,
23.70000,7110.00000, 0.00000,20000.00000, 0.00000,17.00392, 0.00000,300.00000,17.00392, 0.00000,-0.00000,-0.00000, 0.00000, 0.29244,-0.00000, 0.95628, 0.28979,57.12293,971.01236,4193.77859,-4.60886,-0.00000,-0.00000,
23.80000,7140.00000, 0.00000,20000.00000, 0.00000,17.00392, 0.00000,300.00000,17.00392, 0.00000,-0.00000,-0.00000, 0.00000, 0.29244,-0.00000, 0.95628, 0.28979,57.12293,971.01236,4193.77859,-4.60886,-0.00000,-0.00000,
23.90000,7170.00000, 0.00000,20000.00000, 0.00000,17.00392, 0.00000,300.00000,17.00392, 0.00000, 0.00000,-0.00000, 0.00000, 0.29244,-0.00000, 0.95628, 0.28979,57.12293,971.01236,4193.77859,-4.60886,-0.00000,-0.00000,
24.00000,7200.00000, 0.00000,20000.00000, 0.00000,17.00392, 0.00000,300.00000,17.00392, 0.00000, 0.00000,-0.00000, 0.00000, 0.29244,-0.00000, 0.95628, 0.28979,57.12293,971.01236,4193.77859,-4.60886,-0.00000,-0.00000,
24.10000,7230.00000, 0.00000,20000.00000, 0.00000,17.00392, 0.00000,300.00000,17.00392, 0.00000,-0.00000,-0.00000, 0.00000, 0.29244,-0.00000, 0.95628, 0.28979,57.12293,971.01236,4193.77859,-4.60886,-0.00000,-0.00000,
24.20000,7260.00000, 0.00000,20000.00000, 0.00000,17.00392, 0.00000,300.00000,17.00392, 0.00000,-0.00000,-0.00000, 0.00000, 0.29244,-0.00000, 0.95628, 0.28979,57.12293,971.01236,4193.77859,-4.60886,-0.00000,-0.00000,
24.30000,7290.00000, 0.00000,20000.00000, 0.00000,17.00392, 0.00000,300.00000,17.00392, 0.00000,-0.00000,-0.00000, 0.00000, 0.29244,-0.00000, 0.95628, 0.28979,57.12293,971.01236,4193.77859,-4.60886,-0.00000,-0.00000,
24.40000,7320.00000, 0.00000,20000.00000, 0.00000,17.00392, 0.00000,300.00000,17.00392, 0.00000,-0.00000,-0.00000, 0.00000, 0.29244,-0.00000, 0.95628, 0.28979,57.12293,971.01236,4193.77859,-4.60886,-0.00000,-0.00000,
24.50000,7350.00000, 0.00000,20000.00000, 0.00000,17.00392, 0.00000,300.00000,17.00392, 0.00000,-0.00000,-0.00000, 0.00000, 0.29244,-0.00000, 0.95628, 0.28979,57.12293,971.01236,4193.77859,-4.60886,-0.00000,-0.00000,
24.60000,7380.00000, 0.00000,20000.00000, 0.00000,17.00392, 0.00000,300.00000,17.00392, 0.00000,-0.00000,-0.00000, 0.00000, 0.29244,-0.00000, 0.95628, 0.28979,57.12293,971.01236,4193.77859,-4.60886,-0.00000,-0.00000,
24.70000,7410.00000, 0.00000,20000.00000, 0.00000,17.00392, 0.00000,300.00000,17.00392, 0.00000,-0.00000,-0.00000, 0.00000, 0.29244,-0.00000, 0.95628, 0.28979,57.12293,971.01236,4193.77859,-4.60886,-0.00000,-0.00000,
24.80000,7440.00000, 0.00000,20000.00000, 0.00000,17.00392, 0.00000,300.00000,17.00392, 0.00000,-0.00000,-0.00000, 0.00000, 0.29244,-0.00000, 0.95628, 0.28979,57.12293,971.01236,4193.77859,-4.60886,-0.00000,-0.00000,
24.90000,7470.00000, 0.00000,20000.00000, 0.00000,17.00392, 0.00000,300.00000,17.00392, 0.00000,-0.00000,-0.00000, 0.00000, 0.29244,-0.00000, 0.95628, 0.28979,57.12293,971.01236,4193.77859,-4.60886,-0.00000,-0.00000,
25.00000,7500.00000, 0.00000,20000.00000, 0.00000,17.00392, 0.00000,300.00000,17.00392, 0.00000,-0.00000,-0.00000, 0.00000, 0.29244,-0.00000, 0.95628, 0.28979,57.12293,971.01236,4193.77859,-4.60886,-0.00000,-0.00000,
25.10000,7530.00000, 0.00000,20000.00000, 0.00000,17.00392, 0.00000,300.00000,17.00392, 0.00000,-0.00000,-0.00000, 0.00000, 0.29244,-0.00000, 0.95628, 0.28979,57.12293,971.01236,4193.77859,-4.60886,-0.00000,-0.00000,
25.20000,7560.00000, 0.00000,20000.00000, 0.00000,17.00392, 0.00000,300.00000,17.00392, 0.00000,-0.00000,-0.00000, 0.00000, 0.29244,-0.00000, 0.95628, 0.28979,57.12293,971.01236,4193.77859,-4.60886,-0.00000,-0.00000,
25.30000,7590.00000, 0.00000,20000.00000, 0.00000,17.00392, 0.00000,300.00000,17.00392, 0.00000,-0.00000,-0.00000, 0.00000, 0.29244,-0.00000, 0.95628, 0.28979,57.12293,971.01236,4193.77859,-4.60886,-0.00000,-0.00000,
25.40000,7620.00000, 0.00000,20000.00000, 0.00000,17.00392, 0.00000,300.00000,17.00392, 0.00000,-0.00000,-0.00000, 0.00000, 0.29244,-0.00000, 0.95628, 0.28979,57.12293,971.01236,4193.77859,-4.60886,-0.00000,-0.00000,
25.50000,7650.00000, 0.00000,20000.00000, 0.00000,17.00392, 0.00000,300.00000,17.00392, 0.00000,-0.00000,-0.00000, 0.00000, 0.29244,-0.00000, 0.95628, 0.28979,57.12293,971.01236,4193.77859,-4.60886,-0.00000,-0.00000,
25.60000,7680.00000, 0.00000,20000.00000, 0.00000,17.00392, 0.00000,300.00000,17.00392, 0.00000,-0.00000,-0.00000, 0.00000, 0.29244,-0.00000, 0.95628, 0.28979,57.12293,971.01236,4193.77859,-4.60886,-0.00000,-0.00000,
25.70000,7710.00000, 0.00000,20000.00000, 0.00000,17.00392, 0.00000,300.00000,17.00392, 0.00000,-0.00000,-0.00000, 0.00000, 0.29244,-0.00000, 0.95628, 0.28979,57.12293,971.01236,4193.77859,-4.60886,-0.00000,-0.00000,
25.80000,7740.00000, 0.00000,20000.00000, 0.00000,17.00392, 0.00000,300.00000,17.00392, 0.00000,-0.00000,-0.00000, 0.00000, 0.29244,-0.00000, 0.95628, 0.28979,57.12293,971.01236,4193.77859,-4.60886,-0.00000,-0.00000,
25.90000,7770.00000, 0.00000,20000.00000, 0.00000,17.00392, 0.00000,300.00000,17.00392, 0.00000,-0.00000,-0.00000, 0.00000, 0.29244,-0.00000, 0.95628, 0.28979,57.12293,971.01236,4193.77859,-4.60886,-0.00000,-0.00000,
26.00000,7800.00000, 0.00000,20000.00000, 0.00000,17.00392, 0.00000,300.00000,17.00392, 0.00000,-0.00000,-0.00000, 0.00000, 0.29244,-0.00000, 0.95628, 0.28979,57.12293,971.01236,4193.77859,-4.60886,-0.00000,-0.00000,
26.10000,7830.00000, 0.00000,20000.00000, 0.00000,17.00392, 0.00000,300.00000,17.00392, 0.00000,-0.00000,-0.00000, 0.00000, 0.29244,-0.00000, 0.95628, 0.28979,57.12293,971.01236,4193.77859,-4.60886,-0.00000,-0.00000,
26.20000,7860.00000, 0.00000,20000.00000, 0.00000,17.00392, 0.00000,300.00000,17.00392, 0.00000,-0.00000,-0.00000, 0.00000, 0.29244,-0.00000, 0.95628, 0.28979,57.12293,971.01236,4193.77859,-4.60886,-0.00000,-0.00000,
26.30000,7890.00000, 0.00000,20000.00000, 0.00000,17.00392, 0.00000,300.00000,17.00392, 0.00000,-0.00000,-0.00000, 0.00000, 0.29244,-0.00000, 0.95628, 0.28979,57.12293,971.01236,4193.77859,-4.60886,-0.00000,-0.00000,
26.40000,7920.00000, 0.00000,20000.00000, 0.00000,17.00392, 0.00000,300.00000,17.00392, 0.00000,-0.00000,-0.00000, 0.00000, 0.29244,-0.00000, 0.95628, 0.28979,57.12293,971.01236,4193.77859,-4.60886,-0.00000,-0.00000,
26.50000,7950.00000, 0.00000,20000.00000, 0.00000,17.00392, 0.00000,300.00000,17.00392, 0.00000,-0.00000,-0.00000, 0.00000, 0.29244,-0.00000, 0.95628, 0.28979,57.12293,971.01236,4193.77859,-4.60886,-0.00000,-0.00000,
26.60000,7980.00000, 0.00000,20000.00000, 0.00000,17.00392, 0.00000,300.00000,17.00392, 0.00000,-0.00000,-0.00000, 0.00000, 0.29244,-0.00000, 0.95628, 0.28979,57.12293,971.01236,4193.77859,-4.60886,-0.00000,-0.00000,
26.70000,8010.00000, 0.00000,20000.00000, 0.00000,17.00392, 0.00000,300.00000,17.00392, 0.00000,-0.00000,-0.00000, 0.00000, 0.29244,-0.00000, 0.95628, 0.28979,57.12293,971.01236,4193.77859,-4.60886,-0.00000,-0.00000,
26.80000,8040.00000, 0.00000,20000.00000, 0.00000,17.00392, 0.00000,300.00000,17.00392, 0.00000,-0.00000,-0.00000, 0.00000, 0.29244,-0.00000, 0.95628, 0.28979,57.12293,971.01236,4193.77859,-4.60886,-0.00000,-0.00000,
26.90000,8070.00000, 0.00000,20000.00000, 0.00000,17.00392, 0.00000,300.00000,17.00392, 0.00000,-0.00000,-0.00000, 0.00000, 0.29244,-0.00000, 0.95628, 0.28979,57.12293,971.01236,4193.77859,-4.60886,-0.00000,-0.00000,
27.00000,8100.00000, 0.00000,20000.00000, 0.00000,17.00392, 0.00000,300.00000,17.00392, 0.00000,-0.00000,-0.00000, 0.00000, 0.29244,-0.00000, 0.95628, 0.28979,57.12293,971.01236,4193.77859,-4.60886,-0.00000,-0.00000,
27.10000,8130.00000, 0.00000,20000.00000, 0.00000,17.00392, 0.00000,300.00000,17.00392, 0.00000,-0.00000,-0.00000, 0.00000, 0.29244,-0.00000, 0.95628, 0.28979,57.12293,971.01236,4193.77859,-4.60886,-0.00000,-0.00000,
27.20000,8160.00000, 0.00000,20000.00000, 0.00000,17.00392, 0.00000,300.00000,17.00392, 0.00000,-0.00000,-0.00000, 0.00000, 0.29244,-0.00000, 0.95628, 0.28979,57.12293,971.01236,4193.77859,-4.60886,-0.00000,-0.00000,
27.30000,8190.00000, 0.00000,20000.00000, 0.00000,17.00392, 0.00000,300.00000,17.00392, 0.00000,-0.00000,-0.00000, 0.00000, 0.29244,-0.00000, 0.95628, 0.28979,57.12293,971.01236,4193.77859,-4.60886,-0.00000,-0.00000,
27.40000,8220.00000, 0.00000,20000.00000, 0.00000,17.00392, 0.00000,300.00000,17.00392, 0.00000,-0.00000,-0.00000, 0.00000, 0.29244,-0.00000, 0.95628, 0.28979,57.12293,971.01236,4193.77859,-4.60886,-0.00000,-0.00000,
27.50000,8250.00000, 0.00000,20000.00000, 0.00000,17.00392, 0.00000,300.00000,17.00392, 0.00000,-0.00000,-0.00000, 0.00000, 0.29244,-0.00000, 0.95628, 0.28979,57.12293,971.01236,4193.77859,-4.60886,-0.00000,-0.00000,
27.60000,8280.00000, 0.00000,20000.00000, 0.00000,17.00392, 0.00000,300.00000,17.00392, 0.00000,-0.00000,-0.00000, 0.00000, 0.29244,-0.00000, 0.95628, 0.28979,57.12293,971.01236,4193.77859,-4.60886,-0.00000,-0.00000,
27.70000,8310.00000, 0.00000,20000.00000, 0.00000,17.00392, 0.00000,300.00000,17.00392, 0.00000,-0.00000,-0.00000, 0.00000, 0.29244,-0.00000, 0.95628, 0.28979,57.12293,971.01236,4193.77859,-4.60886,-0.00000,-0.00000,
27.80000,8340.00000, 0.00000,20000.00000, 0.00000,17.00392, 0.00000,300.00000,17.00392, 0.00000,-0.00000,-0.00000, 0.00000, 0.29244,-0.00000, 0.95628, 0.28979,57.12293,971.01236,4193.77859,-4.60886,-0.00000,-0.00000,
27.90000,8370.00000, 0.00000,20000.00000, 0.00000,17.00392, 0.00000,300.00000,17.00392, 0.00000,-0.00000,-0.00000, 0.00000, 0.29244,-0.00000, 0.95628, 0.28979,57.12293,971.01236,4193.77859,-4.60886,-0.00000,-0.00000,
28.00000,8400.00000, 0.00000,20000.00000, 0.00000,17.00392, 0.00000,300.00000,17.00392, 0.00000,-0.00000,-0.00000, 0.00000, 0.29244,-0.00000, 0.95628, 0.28979,57.12293,971.01236,4193.77859,-4.60886,-0.00000,-0.00000,
28.10000,8430.00000, 0.00000,20000.00000, 0.00000,17.00392, 0.00000,300.00000,17.00392, 0.00000,-0.00000,-0.00000, 0.00000, 0.29244,-0.00000, 0.95628, 0.28979,57.12293,971.01236,4193.77859,-4.60886,-0.00000,-0.00000,
28.20000,8460.00000, 0.00000,20000.00000, 0.00000,17.00392, 0.00000,300.00000,17.00392, 0.00000,-0.00000,-0.00000, 0.00000, 0.29244,-0.00000, 0.95628, 0.28979,57.12293,971.01236,4193.77859,-4.60886,-0.00000,-0.00000,
28.30000,8490.00000, 0.00000,20000.00000, 0.00000,17.00392, 0.00000,300.00000,17.00392, 0.00000,-0.00000,-0.00000, 0.00000, 0.29244,-0.00000, 0.95628, 0.28979,57.12293,971.01236,4193.77859,-4.60886,-0.00000,-0.00000,
28.40000,8520.00000, 0.00000,20000.00000, 0.00000,17.00392, 0.00000,300.00000,17.00392, 0.00000,-0.00000,-0.00000, 0.00000, 0.29244,-0.00000, 0.95628, 0.28979,57.12293,971.01236,4193.77859,-4.60886,-0.00000,-0.00000,
28.50000,8550.00000, 0.00000,20000.00000, 0.00000,17.00392, 0.00000,300.00000,17.00392, 0.00000,-0.00000,-0.00000, 0.00000, 0.29244,-0.00000, 0.95628, 0.28979,57.12293,971.01236,4193.77859,-4.60886,-0.00000,-0.00000,
28.60000,8580.00000, 0.00000,20000.00000, 0.00000,17.00392, 0.00000,300.00000,17.00392, 0.00000,-0.00000,-0.00000, 0.00000, 0.29244,-0.00000, 0.95628, 0.28979,57.12293,971.01236,4193.77859,-4.60886,-0.00000,-0.00000,
28.70000,8610.00000, 0.00000,20000.00000, 0.00000,17.00392, 0.00000,300.00000,17.00392, 0.00000,-0.00000,-0.00000, 0.00000, 0.29244,-0.00000, 0.95628, 0.28979,57.12293,971.01236,4193.77859,-4.60886,-0.00000,-0.00000,
28.80000,8640.00000, 0.00000,20000.00000, 0.00000,17.00392, 0.00000,300.00000,17.00392, 0.00000,-0.00000,-0.00000, 0.00000, 0.29244,-0.00000, 0.95628, 0.28979,57.12293,971.01236,4193.77859,-4.60886,-0.00000,-0.00000,
28.90000,8670.00000, 0.00000,20000.00000, 0.00000,17.00392, 0.00000,300.00000,17.00392, 0.00000,-0.00000,-0.00000, 0.00000, 0.29244,-0.00000, 0.95628, 0.28979,57.12293,971.01236,4193.77859,-4.60886,-0.00000,-0.00000,
29.00000,8700.00000, 0.00000,20000.00000, 0.00000,17.00392, 0.00000,300.00000,17.00392, 0.00000,-0.00000,-0.00000, 0.00000, 0.29244,-0.00000, 0.95628, 0.28979,57.12293,971.01236,4193.77859,-4.60886,-0.00000,-0.00000,
29.10000,8730.00000, 0.00000,20000.00000, 0.00000,17.00392, 0.00000,300.00000,17.00392, 0.00000,-0.00000,-0.00000, 0.00000, 0.29244,-0.00000, 0.95628, 0.28979,57.12293,971.01236,4193.77859,-4.60886,-0.00000,-0.00000,
29.20000,8760.00000, 0.00000,20000.00000, 0.00000,17.00392, 0.00000,300.00000,17.00392, 0.00000,-0.00000,-0.00000, 0.00000, 0.29244,-0.00000, 0.95628, 0.28979,57.12293,971.01236,4193.77859,-4.60886,-0.00000,-0.00000,
29.30000,8790.00000, 0.00000,20000.00000, 0.00000,17.00392, 0.00000,300.00000,17.00392, 0.00000,-0.00000,-0.00000, 0.00000, 0.29244,-0.00000, 0.95628, 0.28979,57.12293,971.01236,4193.77859,-4.60886,-0.00000,-0.00000,
29.40000,8820.00000, 0.00000,20000.00000, 0.00000,17.00392, 0.00000,300.00000,17.00392, 0.00000,-0.00000,-0.00000, 0.00000, 0.29244,-0.00000, 0.95628, 0.28979,57.12293,971.01236,4193.77859,-4.60886,-0.00000,-0.00000,
29.50000,8850.00000, 0.00000,20000.00000, 0.00000,17.00392, 0.00000,300.00000,17.00392, 0.00000,-0.00000,-0.00000, 0.00000, 0.29244,-0.00000, 0.95628, 0.28979,57.12293,971.01236,4193.77859,-4.60886,-0.00000,-0.00000,
29.60000,8880.00000, 0.00000,20000.00000, 0.00000,17.00392, 0.00000,300.00000,17.00392, 0.00000,-0.00000,-0.00000, 0.00000, 0.29244,-0.00000, 0.95628, 0.28979,57.12293,971.01236,4193.77859,-4.60886,-0.00000,-0.00000,
29.70000,8910.00000, 0.00000,20000.00000, 0.00000,17.00392, 0.00000,300.00000,17.00392, 0.00000,-0.00000,-0.00000, 0.00000, 0.29244,-0.00000, 0.95628, 0.28979,57.12293,971.01236,4193.77859,-4.60886,-0.00000,-0.00000,
29.80000,8940.00000, 0.00000,20000.00000, 0.00000,17.00392, 0.00000,300.00000,17.00392, 0.00000,-0.00000,-0.00000, 0.00000, 0.29244,-0.00000, 0.95628, 0.28979,57.12293,971.01236,4193.77859,-4.60886,-0.00000,-0.00000,
29.90000,8970.00000, 0.00000,20000.00000, 0.00000,17.00392, 0.00000,300.00000,17.00392, 0.00000,-0.00000,-0.00000, 0.00000, 0.29244,-0.00000, 0.95628, 0.28979,57.12293,971.01236,4193.77859,-4.60886,-0.00000,-0.00000,
30.00000,9000.00000, 0.00000,20000.00000, 0.00000,17.00392, 0.00000,300.00000,17.00392, 0.00000,-0.00000,-0.00000, 0.00000, 0.29244,-0.00000, 0.95628, 0.28979,57.12293,971.01236,4193.77859,-4.60886,-0.00000,-0.00000,
